0 20
20 27
27 36
36 68
68 84
84 96
96 101
101 112
112 136
136 150
150 160
160 171
171 182
182 192
192 202
202 220
220 225
225 239
239 247
247 269
269 279
279 288
288 300
300 321
321 326
326 354
354 368
368 381
381 386
386 392
392 416
416 422
422 431
431 462
462 479
479 486
486 495
495 504
504 511
511 520
520 533
533 538
538 545
545 560
560 564
564 590
590 606
606 637
637 646
646 655
655 669
669 678
678 692
692 696
696 718
718 727
727 743
743 773
773 784
784 812
812 827
827 832
832 850
850 855
855 868
868 879
879 901
901 907
907 913
913 922
922 960
960 975
975 994
994 1004
1004 1010
1010 1030
1030 1042
1042 1059
1059 1078
1078 1083
1083 1099
1099 1107
1107 1121
1121 1131
1131 1159
1159 1172
1172 1193
1193 1213
1213 1220
1220 1227
1227 1241
1241 1245
1245 1259
1259 1279
1279 1284
1284 1351
1351 1358
1358 1376
1376 1382
1382 1392
1392 1409
1409 1421
1421 1453
1453 1461
1461 1466
1466 1485
1485 1529
1529 1541
1541 1546
1546 1594
1594 1598
1598 1613
1613 1622
1622 1630
1630 1642
1642 1649
1649 1668
1668 1672
1672 1679
1679 1686
1686 1707
1707 1718
1718 1767
1767 1784
1784 1793
1793 1816
1816 1825
1825 1852
1852 1857
1857 1883
1883 1889
1889 1900
1900 1909
1909 1915
1915 1925
1925 1935
1935 1940
1940 1958
1958 1963
1963 1984
1984 2016
2016 2021
2021 2034
2034 2038
2038 2045
2045 2056
2056 2074
2074 2114
2114 2162
2162 2185
2185 2193
2193 2200
2200 2208
2208 2218
2218 2222
2222 2251
2251 2280
2280 2290
2290 2294
2294 2303
2303 2323
2323 2327
2327 2357
2357 2362
2362 2366
2366 2376
2376 2382
2382 2390
2390 2398
2398 2404
2404 2414
2414 2419
2419 2436
2436 2449
2449 2455
2455 2460
2460 2484
2484 2488
2488 2494
2494 2499
2499 2504
2504 2530
2530 2547
2547 2577
2577 2594
2594 2600
2600 2621
2621 2644
2644 2653
2653 2659
2659 2682
2682 2693
2693 2701
2701 2711
2711 2739
2739 2744
2744 2756
2756 2778
2778 2783
2783 2801
2801 2810
2810 2825
2825 2842
2842 2856
2856 2869
2869 2874
2874 2893
2893 2899
2899 2937
2937 2944
2944 2950
2950 2958
2958 2978
2978 2984
2984 2995
2995 2999
2999 3025
3025 3033
3033 3038
3038 3045
3045 3064
3064 3083
3083 3117
3117 3125
3125 3131
3131 3136
3136 3160
3160 3173
3173 3184
3184 3192
3192 3204
3204 3211
3211 3231
3231 3238
3238 3243
3243 3251
3251 3257
3257 3269
3269 3275
3275 3285
3285 3302
3302 3309
3309 3328
3328 3345
3345 3353
3353 3371
3371 3377
3377 3391
3391 3398
3398 3403
3403 3408
3408 3413
3413 3421
3421 3438
3438 3451
3451 3458
3458 3473
3473 3481
3481 3489
3489 3500
3500 3520
3520 3531
3531 3557
3557 3563
3563 3572
3572 3584
3584 3591
3591 3611
3611 3619
3619 3642
3642 3656
3656 3668
3668 3695
3695 3700
3700 3727
3727 3743
3743 3758
3758 3762
3762 3776
3776 3780
3780 3785
3785 3794
3794 3799
3799 3807
3807 3839
3839 3844
3844 3855
3855 3873
3873 3899
3899 3904
3904 3923
3923 3944
3944 3949
3949 3953
3953 3962
3962 3972
3972 3980
3980 3991
3991 4000
4000 4024
4024 4035
4035 4042
4042 4047
4047 4052
4052 4059
4059 4064
4064 4089
4089 4095
4095 4113
4113 4119
4119 4133
4133 4142
4142 4160
4160 4184
4184 4191
4191 4217
4217 4222
4222 4237
4237 4244
4244 4253
4253 4260
4260 4268
4268 4284
4284 4312
4312 4321
4321 4326
4326 4354
4354 4376
4376 4392
4392 4406
4406 4412
4412 4417
4417 4426
4426 4437
4437 4442
4442 4448
4448 4452
4452 4457
4457 4465
4465 4474
4474 4485
4485 4497
4497 4523
4523 4529
4529 4548
4548 4553
4553 4567
4567 4573
4573 4581
4581 4589
4589 4619
4619 4628
4628 4643
4643 4650
4650 4658
4658 4675
4675 4683
4683 4689
4689 4706
4706 4715
4715 4727
4727 4734
4734 4745
4745 4751
4751 4755
4755 4772
4772 4813
4813 4825
4825 4845
4845 4855
4855 4873
4873 4881
4881 4901
4901 4906
4906 4919
4919 4926
4926 4937
4937 4967
4967 4975
4975 4980
4980 4987
4987 4995
4995 5000
5000 5023
5023 5057
5057 5064
5064 5073
5073 5082
5082 5095
5095 5107
5107 5115
5115 5134
5134 5161
5161 5174
5174 5188
5188 5198
5198 5206
5206 5210
5210 5230
5230 5257
5257 5265
5265 5280
5280 5302
5302 5309
5309 5329
5329 5334
5334 5344
5344 5350
5350 5358
5358 5366
5366 5378
5378 5403
5403 5444
5444 5468
5468 5477
5477 5482
5482 5493
5493 5500
5500 5511
5511 5523
5523 5546
5546 5553
5553 5575
5575 5590
5590 5628
5628 5635
5635 5652
5652 5664
5664 5670
5670 5682
5682 5718
5718 5725
5725 5745
5745 5764
5764 5780
5780 5785
5785 5793
5793 5811
5811 5825
5825 5831
5831 5841
5841 5847
5847 5853
5853 5858
5858 5867
5867 5877
5877 5886
5886 5893
5893 5905
5905 5913
5913 5927
5927 5956
5956 5965
5965 6002
6002 6022
6022 6029
6029 6034
6034 6057
6057 6072
6072 6086
6086 6108
6108 6119
6119 6129
6129 6133
6133 6156
6156 6160
6160 6178
6178 6193
6193 6198
6198 6203
6203 6211
6211 6217
6217 6221
6221 6228
6228 6257
6257 6262
6262 6306
6306 6313
6313 6324
6324 6335
6335 6348
6348 6359
6359 6374
6374 6382
6382 6403
6403 6415
6415 6420
6420 6440
6440 6448
6448 6459
6459 6465
6465 6469
6469 6478
6478 6492
6492 6502
6502 6517
6517 6531
6531 6539
6539 6545
6545 6560
6560 6568
6568 6573
6573 6582
6582 6589
6589 6604
6604 6609
6609 6630
6630 6647
6647 6688
6688 6699
6699 6717
6717 6721
6721 6729
6729 6738
6738 6751
6751 6765
6765 6770
6770 6795
6795 6803
6803 6809
6809 6835
6835 6864
6864 6875
6875 6890
6890 6900
6900 6905
6905 6946
6946 6969
6969 6988
6988 6994
6994 6999
6999 7010
7010 7021
7021 7049
7049 7077
7077 7097
7097 7138
7138 7157
7157 7163
7163 7173
7173 7182
7182 7190
7190 7204
7204 7230
7230 7245
7245 7250
7250 7281
7281 7287
7287 7298
7298 7304
7304 7309
7309 7322
7322 7331
7331 7348
7348 7362
7362 7368
7368 7382
7382 7402
7402 7410
7410 7421
7421 7426
7426 7463
7463 7472
7472 7496
7496 7513
7513 7519
7519 7568
7568 7600
7600 7607
7607 7640
7640 7646
7646 7676
7676 7687
7687 7693
7693 7703
7703 7708
7708 7719
7719 7757
7757 7783
7783 7792
7792 7799
7799 7810
7810 7823
7823 7829
7829 7839
7839 7854
7854 7887
7887 7895
7895 7903
7903 7907
7907 7915
7915 7924
7924 7936
7936 7944
7944 7951
7951 7960
7960 7980
7980 7991
7991 7996
7996 8003
8003 8013
8013 8022
8022 8044
8044 8049
8049 8056
8056 8075
8075 8089
8089 8099
8099 8135
8135 8158
8158 8164
8164 8193
8193 8207
8207 8211
8211 8223
8223 8246
8246 8251
8251 8259
8259 8271
8271 8279
8279 8295
8295 8317
8317 8321
8321 8340
8340 8347
8347 8358
8358 8363
8363 8369
8369 8379
8379 8404
8404 8413
8413 8429
8429 8435
8435 8445
8445 8455
8455 8502
8502 8506
8506 8511
8511 8522
8522 8548
8548 8555
8555 8576
8576 8582
8582 8589
8589 8598
8598 8604
8604 8609
8609 8624
8624 8630
8630 8635
8635 8643
8643 8653
8653 8658
8658 8679
8679 8684
8684 8690
8690 8698
8698 8711
8711 8721
8721 8731
8731 8751
8751 8759
8759 8766
8766 8776
8776 8783
8783 8810
8810 8829
8829 8848
8848 8860
8860 8870
8870 8880
8880 8889
8889 8903
8903 8917
8917 8923
8923 8931
8931 8936
8936 8943
8943 8966
8966 8983
8983 9007
9007 9012
9012 9020
9020 9032
9032 9052
9052 9064
9064 9075
9075 9116
9116 9138
9138 9147
9147 9162
9162 9169
9169 9173
9173 9178
9178 9196
9196 9209
9209 9216
9216 9229
9229 9241
9241 9251
9251 9256
9256 9277
9277 9288
9288 9324
9324 9358
9358 9370
9370 9385
9385 9390
9390 9405
9405 9418
9418 9441
9441 9462
9462 9469
9469 9480
9480 9488
9488 9499
9499 9504
9504 9512
9512 9529
9529 9538
9538 9560
9560 9570
9570 9581
9581 9594
9594 9612
9612 9617
9617 9638
9638 9650
9650 9669
9669 9673
9673 9681
9681 9689
9689 9704
9704 9733
9733 9745
9745 9762
9762 9796
9796 9803
9803 9808
9808 9818
9818 9828
9828 9863
9863 9868
9868 9886
9886 9911
9911 9918
9918 9926
9926 9930
9930 9948
9948 9963
9963 9970
9970 9979
9979 9983
9983 9990
9990 9996
9996 10002
10002 10013
10013 10043
10043 10048
10048 10055
10055 10062
10062 10076
10076 10086
10086 10091
10091 10119
10119 10133
10133 10151
10151 10184
10184 10189
10189 10199
10199 10210
10210 10215
10215 10226
10226 10263
10263 10274
10274 10294
10294 10303
10303 10312
10312 10321
10321 10328
10328 10334
10334 10364
10364 10382
10382 10447
10447 10471
10471 10481
10481 10488
10488 10496
10496 10501
10501 10505
10505 10530
10530 10554
10554 10564
10564 10570
10570 10575
10575 10581
10581 10597
10597 10602
10602 10613
10613 10629
10629 10646
10646 10662
10662 10669
10669 10682
10682 10706
10706 10720
10720 10740
10740 10761
10761 10767
10767 10779
10779 10788
10788 10794
10794 10802
10802 10806
10806 10814
10814 10823
10823 10862
10862 10869
10869 10873
10873 10879
10879 10891
10891 10907
10907 10912
10912 10934
10934 10950
10950 10957
10957 10965
10965 10976
10976 10991
10991 10997
10997 11014
11014 11022
11022 11037
11037 11041
11041 11050
11050 11056
11056 11062
11062 11068
11068 11076
11076 11085
11085 11112
11112 11117
11117 11121
11121 11170
11170 11212
11212 11254
11254 11270
11270 11275
11275 11313
11313 11317
11317 11329
11329 11341
11341 11347
11347 11358
11358 11379
11379 11385
11385 11397
11397 11423
11423 11431
11431 11437
11437 11444
11444 11453
11453 11458
11458 11486
11486 11496
11496 11514
11514 11523
11523 11537
11537 11542
11542 11548
11548 11562
11562 11599
11599 11610
11610 11614
11614 11642
11642 11657
11657 11672
11672 11687
11687 11700
11700 11706
11706 11714
11714 11719
11719 11733
11733 11738
11738 11749
11749 11760
11760 11766
11766 11779
11779 11788
11788 11794
11794 11804
11804 11828
11828 11832
11832 11877
11877 11882
11882 11892
11892 11918
11918 11948
11948 11959
11959 11963
11963 11992
11992 12004
12004 12015
12015 12033
12033 12044
12044 12055
12055 12081
12081 12087
12087 12094
12094 12112
12112 12124
12124 12131
12131 12138
12138 12145
12145 12151
12151 12155
12155 12162
12162 12171
12171 12198
12198 12202
12202 12211
12211 12226
12226 12232
12232 12236
12236 12243
12243 12261
12261 12270
12270 12288
12288 12299
12299 12315
12315 12324
12324 12328
12328 12336
12336 12345
12345 12350
12350 12368
12368 12377
12377 12383
12383 12398
12398 12405
12405 12411
12411 12417
12417 12429
12429 12446
12446 12458
12458 12467
12467 12479
12479 12502
12502 12534
12534 12543
12543 12550
12550 12576
12576 12591
12591 12610
12610 12617
12617 12623
12623 12629
12629 12635
12635 12706
12706 12754
12754 12765
12765 12772
12772 12776
12776 12800
12800 12815
12815 12823
12823 12828
12828 12835
12835 12843
12843 12851
12851 12871
12871 12901
12901 12908
12908 12913
12913 12922
12922 12928
12928 12933
12933 12937
12937 12943
12943 12950
12950 12983
12983 12990
12990 12999
12999 13015
13015 13021
13021 13028
13028 13041
13041 13047
13047 13054
13054 13108
13108 13119
13119 13130
13130 13153
13153 13160
13160 13169
13169 13189
13189 13206
13206 13217
13217 13223
13223 13228
13228 13233
13233 13253
13253 13316
13316 13336
13336 13352
13352 13360
13360 13364
13364 13368
13368 13381
13381 13403
13403 13414
13414 13439
13439 13450
13450 13459
13459 13472
13472 13480
13480 13492
13492 13505
13505 13516
13516 13530
13530 13536
13536 13541
13541 13550
13550 13565
13565 13574
13574 13600
13600 13608
13608 13613
13613 13617
13617 13631
13631 13637
13637 13668
13668 13675
13675 13682
13682 13729
13729 13737
13737 13742
13742 13748
13748 13765
13765 13771
13771 13785
13785 13794
13794 13801
13801 13809
13809 13818
13818 13823
13823 13833
13833 13842
13842 13865
13865 13871
13871 13920
13920 13930
13930 13962
13962 13969
13969 13977
13977 13986
13986 13992
13992 13998
13998 14005
14005 14024
14024 14033
14033 14056
14056 14065
14065 14072
14072 14089
14089 14094
14094 14110
14110 14123
14123 14141
14141 14153
14153 14164
14164 14178
14178 14185
14185 14191
14191 14196
14196 14210
14210 14236
14236 14246
14246 14254
14254 14265
14265 14290
14290 14294
14294 14298
14298 14303
14303 14314
14314 14327
14327 14338
14338 14344
14344 14358
14358 14378
14378 14398
14398 14420
14420 14446
14446 14452
14452 14470
14470 14478
14478 14483
14483 14489
14489 14508
14508 14514
14514 14534
14534 14541
14541 14604
14604 14612
14612 14632
14632 14658
14658 14663
14663 14671
14671 14681
14681 14687
14687 14695
14695 14707
14707 14724
14724 14736
14736 14740
14740 14750
14750 14764
14764 14769
14769 14775
14775 14782
14782 14794
14794 14802
14802 14808
14808 14818
14818 14825
14825 14834
14834 14839
14839 14862
14862 14871
14871 14876
14876 14888
14888 14901
14901 14916
14916 14927
14927 14931
14931 14948
14948 14957
14957 14978
14978 15008
15008 15020
15020 15025
15025 15032
15032 15039
15039 15057
15057 15067
15067 15073
15073 15085
15085 15091
15091 15136
15136 15141
15141 15150
15150 15156
15156 15169
15169 15174
15174 15186
15186 15209
15209 15222
15222 15230
15230 15236
15236 15244
15244 15256
15256 15264
15264 15269
15269 15292
15292 15302
15302 15324
15324 15389
15389 15405
15405 15420
15420 15429
15429 15436
15436 15454
15454 15462
15462 15468
15468 15481
15481 15488
15488 15493
15493 15504
15504 15509
15509 15546
15546 15572
15572 15611
15611 15638
15638 15648
15648 15652
15652 15680
15680 15718
15718 15733
15733 15744
15744 15749
15749 15760
15760 15767
15767 15783
15783 15789
15789 15795
15795 15841
15841 15846
15846 15872
15872 15889
15889 15904
15904 15909
15909 15925
15925 15935
15935 15943
15943 15952
15952 15987
15987 15995
15995 15999
15999 16005
16005 16009
16009 16013
16013 16018
16018 16037
16037 16044
16044 16071
16071 16080
16080 16084
16084 16091
16091 16104
16104 16114
16114 16120
16120 16125
16125 16132
16132 16141
16141 16154
16154 16158
16158 16195
16195 16205
16205 16216
16216 16222
16222 16242
16242 16250
16250 16312
16312 16328
16328 16334
16334 16342
16342 16382
16382 16401
16401 16407
16407 16433
16433 16440
16440 16471
16471 16484
16484 16493
16493 16499
16499 16505
16505 16524
16524 16548
16548 16553
16553 16559
16559 16574
16574 16585
16585 16592
16592 16602
16602 16611
16611 16629
16629 16641
16641 16646
16646 16653
16653 16660
16660 16668
16668 16716
16716 16722
16722 16750
16750 16777
16777 16782
16782 16786
16786 16797
16797 16804
16804 16810
16810 16814
16814 16819
16819 16833
16833 16838
16838 16846
16846 16853
16853 16900
16900 16924
16924 16944
16944 16948
16948 16957
16957 16978
16978 16982
16982 16993
16993 17000
17000 17005
17005 17013
17013 17017
17017 17029
17029 17053
17053 17062
17062 17075
17075 17086
17086 17110
17110 17116
17116 17121
17121 17128
17128 17135
17135 17140
17140 17151
17151 17155
17155 17163
17163 17191
17191 17210
17210 17228
17228 17256
17256 17265
17265 17275
17275 17289
17289 17302
17302 17316
17316 17336
17336 17363
17363 17377
17377 17393
17393 17419
17419 17449
17449 17455
17455 17466
17466 17473
17473 17491
17491 17500
17500 17516
17516 17527
17527 17547
17547 17564
17564 17570
17570 17579
17579 17605
17605 17619
17619 17627
17627 17654
17654 17660
17660 17723
17723 17730
17730 17753
17753 17759
17759 17771
17771 17804
17804 17827
17827 17838
17838 17846
17846 17872
17872 17878
17878 17949
17949 17966
17966 17985
17985 17991
17991 18004
18004 18033
18033 18050
18050 18059
18059 18067
18067 18103
18103 18113
18113 18119
18119 18143
18143 18155
18155 18170
18170 18182
18182 18187
18187 18194
18194 18200
18200 18207
18207 18227
18227 18245
18245 18260
18260 18273
18273 18282
18282 18293
18293 18299
18299 18320
18320 18326
18326 18356
18356 18360
18360 18370
18370 18397
18397 18413
18413 18418
18418 18434
18434 18439
18439 18463
18463 18479
18479 18506
18506 18515
18515 18536
18536 18540
18540 18548
18548 18556
18556 18565
18565 18573
18573 18578
18578 18584
18584 18607
18607 18617
18617 18622
18622 18663
18663 18669
18669 18675
18675 18681
18681 18697
18697 18703
18703 18712
18712 18723
18723 18740
18740 18747
18747 18755
18755 18763
18763 18772
18772 18776
18776 18782
18782 18786
18786 18794
18794 18805
18805 18816
18816 18833
18833 18850
18850 18877
18877 18896
18896 18900
18900 18916
18916 18943
18943 18948
18948 18962
18962 18975
18975 18998
18998 19012
19012 19017
19017 19023
19023 19050
19050 19061
19061 19077
19077 19117
19117 19153
19153 19186
19186 19200
19200 19204
19204 19213
19213 19220
19220 19235
19235 19253
19253 19261
19261 19271
19271 19279
19279 19291
19291 19300
19300 19306
19306 19313
19313 19356
19356 19361
19361 19378
19378 19383
19383 19403
19403 19408
19408 19418
19418 19430
19430 19437
19437 19448
19448 19460
19460 19465
19465 19479
19479 19500
19500 19519
19519 19527
19527 19532
19532 19540
19540 19556
19556 19574
19574 19580
19580 19587
19587 19596
19596 19615
19615 19627
19627 19631
19631 19659
19659 19682
19682 19701
19701 19715
19715 19720
19720 19746
19746 19764
19764 19768
19768 19774
19774 19787
19787 19800
19800 19830
19830 19835
19835 19849
19849 19874
19874 19896
19896 19924
19924 19944
19944 19959
19959 19977
19977 19992
19992 20003
20003 20018
20018 20031
20031 20035
20035 20046
20046 20081
20081 20109
20109 20159
20159 20169
20169 20188
20188 20219
20219 20228
20228 20243
20243 20261
20261 20268
20268 20274
20274 20285
20285 20302
20302 20315
20315 20322
20322 20327
20327 20333
20333 20339
20339 20364
20364 20370
20370 20382
20382 20387
20387 20394
20394 20400
20400 20433
20433 20441
20441 20450
20450 20478
20478 20486
20486 20512
20512 20543
20543 20550
20550 20569
20569 20585
20585 20602
20602 20612
20612 20622
20622 20627
20627 20635
20635 20641
20641 20646
20646 20657
20657 20664
20664 20702
20702 20712
20712 20731
20731 20743
20743 20761
20761 20781
20781 20795
20795 20809
20809 20825
20825 20832
20832 20841
20841 20847
20847 20856
20856 20868
20868 20886
20886 20895
20895 20904
20904 20932
20932 20939
20939 20953
20953 20982
20982 20988
20988 21009
21009 21015
21015 21021
21021 21043
21043 21048
21048 21059
21059 21072
21072 21087
21087 21112
21112 21121
21121 21138
21138 21164
21164 21170
21170 21200
21200 21214
21214 21220
21220 21247
21247 21262
21262 21269
21269 21274
21274 21284
21284 21292
21292 21299
21299 21305
21305 21330
21330 21336
21336 21346
21346 21356
21356 21361
21361 21383
21383 21398
21398 21406
21406 21410
21410 21420
21420 21440
21440 21450
21450 21487
21487 21498
21498 21523
21523 21541
21541 21548
21548 21572
21572 21584
21584 21600
21600 21615
21615 21620
21620 21625
21625 21662
21662 21685
21685 21708
21708 21720
21720 21743
21743 21748
21748 21753
21753 21765
21765 21774
21774 21786
21786 21798
21798 21810
21810 21824
21824 21834
21834 21857
21857 21870
21870 21876
21876 21894
21894 21901
21901 21906
21906 21922
21922 21927
21927 21954
21954 21963
21963 21978
21978 21985
21985 21992
21992 22022
22022 22034
22034 22042
22042 22047
22047 22055
22055 22060
22060 22068
22068 22075
22075 22089
22089 22106
22106 22118
22118 22124
22124 22133
22133 22161
22161 22178
22178 22189
22189 22214
22214 22227
22227 22232
22232 22247
22247 22262
22262 22266
22266 22271
22271 22301
22301 22337
22337 22345
22345 22352
22352 22363
22363 22368
22368 22375
22375 22381
22381 22391
22391 22406
22406 22423
22423 22434
22434 22440
22440 22459
22459 22468
22468 22490
22490 22500
22500 22520
22520 22548
22548 22559
22559 22568
22568 22580
22580 22586
22586 22593
22593 22621
22621 22627
22627 22638
22638 22646
22646 22659
22659 22695
22695 22700
22700 22706
22706 22711
22711 22717
22717 22723
22723 22737
22737 22769
22769 22787
22787 22795
22795 22801
22801 22815
22815 22821
22821 22826
22826 22835
22835 22847
22847 22869
22869 22877
22877 22883
22883 22897
22897 22915
22915 22927
22927 22942
22942 22957
22957 22977
22977 23001
23001 23006
23006 23013
23013 23029
23029 23039
23039 23046
23046 23073
23073 23078
23078 23083
23083 23098
23098 23109
23109 23125
23125 23137
23137 23146
23146 23150
23150 23156
23156 23166
23166 23171
23171 23177
23177 23182
23182 23187
23187 23194
23194 23218
23218 23224
23224 23230
23230 23236
23236 23241
23241 23253
23253 23273
23273 23285
23285 23292
23292 23297
23297 23303
23303 23322
23322 23337
23337 23344
23344 23351
23351 23355
23355 23360
23360 23369
23369 23380
23380 23384
23384 23406
23406 23420
23420 23426
23426 23430
23430 23437
23437 23477
23477 23489
23489 23494
23494 23524
23524 23547
23547 23554
23554 23567
23567 23576
23576 23580
23580 23588
23588 23612
23612 23621
23621 23628
23628 23638
23638 23666
23666 23675
23675 23690
23690 23695
23695 23721
23721 23757
23757 23784
23784 23792
23792 23813
23813 23821
23821 23831
23831 23838
23838 23844
23844 23885
23885 23890
23890 23924
23924 23929
23929 23950
23950 23956
23956 23961
23961 23968
23968 23977
23977 23985
23985 23990
23990 24002
24002 24017
24017 24034
24034 24044
24044 24062
24062 24070
24070 24097
24097 24104
24104 24111
24111 24117
24117 24124
24124 24132
24132 24136
24136 24147
24147 24154
24154 24180
24180 24185
24185 24196
24196 24204
24204 24215
24215 24231
24231 24239
24239 24249
24249 24254
24254 24264
24264 24280
24280 24288
24288 24304
24304 24309
24309 24313
24313 24326
24326 24357
24357 24371
24371 24394
24394 24401
24401 24406
24406 24413
24413 24428
24428 24457
24457 24462
24462 24468
24468 24472
24472 24479
24479 24497
24497 24523
24523 24530
24530 24537
24537 24548
24548 24558
24558 24573
24573 24585
24585 24602
24602 24612
24612 24634
24634 24653
24653 24661
24661 24668
24668 24674
24674 24682
24682 24693
24693 24698
24698 24705
24705 24727
24727 24736
24736 24745
24745 24753
24753 24758
24758 24764
24764 24770
24770 24781
24781 24793
24793 24797
24797 24817
24817 24822
24822 24833
24833 24845
24845 24877
24877 24881
24881 24886
24886 24892
24892 24897
24897 24917
24917 24924
24924 24964
24964 24980
24980 24987
24987 25011
25011 25017
25017 25027
25027 25040
25040 25055
25055 25081
25081 25094
25094 25100
25100 25105
25105 25113
25113 25119
25119 25153
25153 25161
25161 25165
25165 25172
25172 25181
25181 25187
25187 25195
25195 25223
25223 25230
25230 25237
25237 25270
25270 25290
25290 25307
25307 25312
25312 25329
25329 25337
25337 25347
25347 25354
25354 25360
25360 25369
25369 25380
25380 25395
25395 25415
25415 25422
25422 25435
25435 25441
25441 25446
25446 25453
25453 25470
25470 25498
25498 25506
25506 25512
25512 25542
25542 25548
25548 25573
25573 25582
25582 25590
25590 25617
25617 25628
25628 25632
25632 25639
25639 25644
25644 25650
25650 25656
25656 25669
25669 25703
25703 25720
25720 25745
25745 25749
25749 25755
25755 25765
25765 25775
25775 25801
25801 25826
25826 25833
25833 25841
25841 25856
25856 25866
25866 25874
25874 25878
25878 25910
25910 25931
25931 25937
25937 25945
25945 25977
25977 25983
25983 25992
25992 25998
25998 26009
26009 26029
26029 26036
26036 26040
26040 26072
26072 26077
26077 26083
26083 26090
26090 26116
26116 26126
26126 26133
26133 26150
26150 26162
26162 26167
26167 26175
26175 26182
26182 26204
26204 26210
26210 26246
26246 26256
26256 26263
26263 26272
26272 26297
26297 26304
26304 26312
26312 26333
26333 26354
26354 26373
26373 26379
26379 26386
26386 26409
26409 26416
26416 26421
26421 26430
26430 26435
26435 26457
26457 26463
26463 26468
26468 26475
26475 26481
26481 26486
26486 26510
26510 26548
26548 26555
26555 26572
26572 26594
26594 26603
26603 26622
26622 26633
26633 26640
26640 26644
26644 26650
26650 26682
26682 26689
26689 26697
26697 26703
26703 26710
26710 26716
26716 26721
26721 26738
26738 26743
26743 26767
26767 26773
26773 26783
26783 26792
26792 26796
26796 26830
26830 26840
26840 26849
26849 26857
26857 26868
26868 26880
26880 26908
26908 26932
26932 26937
26937 26944
26944 26959
26959 26967
26967 26978
26978 27013
27013 27022
27022 27032
27032 27039
27039 27048
27048 27067
27067 27071
27071 27082
27082 27095
27095 27100
27100 27126
27126 27131
27131 27137
27137 27144
27144 27152
27152 27182
27182 27188
27188 27199
27199 27207
27207 27218
27218 27225
27225 27235
27235 27246
27246 27254
27254 27259
27259 27271
27271 27291
27291 27297
27297 27316
27316 27321
27321 27327
27327 27337
27337 27350
27350 27377
27377 27384
27384 27402
27402 27409
27409 27423
27423 27431
27431 27442
27442 27452
27452 27463
27463 27472
27472 27481
27481 27498
27498 27520
27520 27529
27529 27543
27543 27554
27554 27568
27568 27575
27575 27591
27591 27640
27640 27652
27652 27663
27663 27669
27669 27683
27683 27690
27690 27712
27712 27716
27716 27727
27727 27739
27739 27743
27743 27751
27751 27766
27766 27774
27774 27806
27806 27811
27811 27831
27831 27840
27840 27857
27857 27864
27864 27872
27872 27884
27884 27889
27889 27896
27896 27903
27903 27912
27912 27921
27921 27951
27951 27957
27957 27962
27962 27969
27969 27981
27981 27998
27998 28008
28008 28015
28015 28029
28029 28044
28044 28049
28049 28056
28056 28068
28068 28075
28075 28113
28113 28118
28118 28130
28130 28138
28138 28146
28146 28166
28166 28175
28175 28181
28181 28188
28188 28195
28195 28201
28201 28214
28214 28220
28220 28225
28225 28237
28237 28243
28243 28254
28254 28270
28270 28284
28284 28306
28306 28331
28331 28356
28356 28366
28366 28388
28388 28395
28395 28403
28403 28409
28409 28414
28414 28442
28442 28446
28446 28459
28459 28469
28469 28475
28475 28481
28481 28498
28498 28521
28521 28530
28530 28541
28541 28547
28547 28559
28559 28588
28588 28595
28595 28605
28605 28611
28611 28618
28618 28624
28624 28629
28629 28639
28639 28676
28676 28682
28682 28694
28694 28704
28704 28714
28714 28720
28720 28725
28725 28742
28742 28747
28747 28788
28788 28810
28810 28818
28818 28830
28830 28846
28846 28864
28864 28899
28899 28923
28923 28951
28951 28998
28998 29047
29047 29053
29053 29078
29078 29087
29087 29094
29094 29099
29099 29104
29104 29111
29111 29135
29135 29143
29143 29148
29148 29182
29182 29192
29192 29198
29198 29207
29207 29216
29216 29222
29222 29237
29237 29256
29256 29261
29261 29268
29268 29275
29275 29302
29302 29309
29309 29319
29319 29336
29336 29341
29341 29348
29348 29383
29383 29410
29410 29421
29421 29432
29432 29436
29436 29444
29444 29452
29452 29457
29457 29467
29467 29489
29489 29500
29500 29504
29504 29527
29527 29534
29534 29539
29539 29547
29547 29555
29555 29562
29562 29571
29571 29581
29581 29600
29600 29606
29606 29621
29621 29625
29625 29649
29649 29659
29659 29666
29666 29676
29676 29682
29682 29687
29687 29694
29694 29699
29699 29718
29718 29735
29735 29746
29746 29790
29790 29833
29833 29844
29844 29866
29866 29876
29876 29885
29885 29890
29890 29899
29899 29906
29906 29927
29927 29940
29940 29951
29951 29959
29959 29963
29963 29968
29968 29980
29980 29987
29987 29996
29996 30002
30002 30033
30033 30042
30042 30047
30047 30053
30053 30098
30098 30103
30103 30108
30108 30112
30112 30127
30127 30132
30132 30137
30137 30147
30147 30156
30156 30180
30180 30190
30190 30196
30196 30227
30227 30235
30235 30246
30246 30268
30268 30275
30275 30284
30284 30291
30291 30299
30299 30316
30316 30325
30325 30332
30332 30343
30343 30360
30360 30366
30366 30379
30379 30384
30384 30396
30396 30407
30407 30424
30424 30431
30431 30459
30459 30495
30495 30510
30510 30534
30534 30542
30542 30560
30560 30564
30564 30569
30569 30579
30579 30590
30590 30615
30615 30622
30622 30631
30631 30654
30654 30659
30659 30692
30692 30701
30701 30706
30706 30729
30729 30767
30767 30781
30781 30836
30836 30843
30843 30849
30849 30860
30860 30868
30868 30879
30879 30887
30887 30893
30893 30901
30901 30937
30937 30948
30948 30957
30957 30965
30965 30990
30990 30998
30998 31007
31007 31014
31014 31028
31028 31042
31042 31054
31054 31058
31058 31066
31066 31074
31074 31084
31084 31094
31094 31100
31100 31121
31121 31130
31130 31140
31140 31145
31145 31156
31156 31171
31171 31177
31177 31187
31187 31207
31207 31213
31213 31220
31220 31226
31226 31230
31230 31234
31234 31243
31243 31255
31255 31267
31267 31271
31271 31288
31288 31295
31295 31300
31300 31319
31319 31324
31324 31329
31329 31353
31353 31368
31368 31378
31378 31386
31386 31401
31401 31406
31406 31413
31413 31419
31419 31443
31443 31464
31464 31469
31469 31475
31475 31481
31481 31487
31487 31494
31494 31505
31505 31517
31517 31526
31526 31561
31561 31567
31567 31593
31593 31614
31614 31620
31620 31624
31624 31636
31636 31646
31646 31654
31654 31663
31663 31687
31687 31725
31725 31734
31734 31756
31756 31761
31761 31784
31784 31790
31790 31800
31800 31812
31812 31824
31824 31830
31830 31852
31852 31859
31859 31873
31873 31880
31880 31904
31904 31915
31915 31921
31921 31946
31946 31952
31952 31958
31958 31976
31976 31983
31983 31993
31993 32001
32001 32005
32005 32017
32017 32045
32045 32052
32052 32073
32073 32091
32091 32098
32098 32128
32128 32136
32136 32142
32142 32171
32171 32178
32178 32192
32192 32203
32203 32219
32219 32226
32226 32249
32249 32256
32256 32265
32265 32271
32271 32275
32275 32290
32290 32304
32304 32311
32311 32318
32318 32325
32325 32338
32338 32366
32366 32380
32380 32387
32387 32418
32418 32436
32436 32449
32449 32491
32491 32497
32497 32506
32506 32518
32518 32533
32533 32544
32544 32557
32557 32562
32562 32568
32568 32580
32580 32611
32611 32617
32617 32622
32622 32639
32639 32645
32645 32660
32660 32681
32681 32685
32685 32703
32703 32743
32743 32747
32747 32759
32759 32773
32773 32780
32780 32788
32788 32832
32832 32863
32863 32878
32878 32897
32897 32903
32903 32924
32924 32930
32930 32937
32937 32955
32955 32962
32962 32996
32996 33010
33010 33026
33026 33037
33037 33056
33056 33071
33071 33080
33080 33097
33097 33110
33110 33115
33115 33126
33126 33131
33131 33171
33171 33191
33191 33196
33196 33200
33200 33211
33211 33246
33246 33252
33252 33267
33267 33271
33271 33281
33281 33286
33286 33301
33301 33308
33308 33361
33361 33370
33370 33375
33375 33408
33408 33419
33419 33427
33427 33476
33476 33486
33486 33515
33515 33538
33538 33548
33548 33560
33560 33573
33573 33579
33579 33605
33605 33618
33618 33626
33626 33642
33642 33660
33660 33666
33666 33671
33671 33685
33685 33739
33739 33747
33747 33757
33757 33764
33764 33782
33782 33789
33789 33869
33869 33885
33885 33896
33896 33903
33903 33933
33933 33943
33943 33950
33950 33963
33963 33968
33968 33987
33987 33995
33995 34002
34002 34011
34011 34024
34024 34043
34043 34050
34050 34086
34086 34100
34100 34120
34120 34129
34129 34134
34134 34149
34149 34154
34154 34164
34164 34175
34175 34186
34186 34195
34195 34200
34200 34206
34206 34251
34251 34259
34259 34268
34268 34279
34279 34294
34294 34334
34334 34343
34343 34362
34362 34371
34371 34375
34375 34400
34400 34409
34409 34416
34416 34423
34423 34434
34434 34440
34440 34451
34451 34456
34456 34464
34464 34488
34488 34503
34503 34510
34510 34540
34540 34550
34550 34576
34576 34582
34582 34586
34586 34592
34592 34644
34644 34652
34652 34665
34665 34684
34684 34690
34690 34697
34697 34720
34720 34727
34727 34739
34739 34762
34762 34773
34773 34778
34778 34812
34812 34821
34821 34828
34828 34832
34832 34845
34845 34866
34866 34889
34889 34897
34897 34905
34905 34912
34912 34918
34918 34951
34951 34955
34955 34960
34960 34973
34973 34985
34985 35018
35018 35025
35025 35029
35029 35049
35049 35058
35058 35095
35095 35100
35100 35108
35108 35126
35126 35132
35132 35140
35140 35168
35168 35183
35183 35195
35195 35200
35200 35212
35212 35223
35223 35247
35247 35263
35263 35269
35269 35274
35274 35286
35286 35293
35293 35320
35320 35330
35330 35340
35340 35344
35344 35362
35362 35401
35401 35413
35413 35426
35426 35432
35432 35464
35464 35477
35477 35495
35495 35510
35510 35550
35550 35561
35561 35567
35567 35574
35574 35578
35578 35591
35591 35595
35595 35619
35619 35626
35626 35653
35653 35659
35659 35685
35685 35691
35691 35700
35700 35705
35705 35721
35721 35752
35752 35759
35759 35780
35780 35787
35787 35799
35799 35823
35823 35828
35828 35839
35839 35847
35847 35851
35851 35871
35871 35899
35899 35940
35940 35948
35948 35961
35961 35970
35970 35981
35981 35998
35998 36020
36020 36049
36049 36053
36053 36066
36066 36071
36071 36075
36075 36094
36094 36129
36129 36138
36138 36184
36184 36189
36189 36199
36199 36214
36214 36263
36263 36272
36272 36277
36277 36284
36284 36294
36294 36302
36302 36307
36307 36317
36317 36322
36322 36329
36329 36339
36339 36347
36347 36357
36357 36381
36381 36400
36400 36417
36417 36432
36432 36440
36440 36451
36451 36486
36486 36519
36519 36529
36529 36560
36560 36573
36573 36594
36594 36605
36605 36632
36632 36660
36660 36671
36671 36687
36687 36696
36696 36701
36701 36715
36715 36741
36741 36747
36747 36766
36766 36771
36771 36777
36777 36800
36800 36806
36806 36824
36824 36832
36832 36839
36839 36844
36844 36848
36848 36870
36870 36887
36887 36908
36908 36921
36921 36956
36956 36969
36969 37000
37000 37012
37012 37024
37024 37028
37028 37032
37032 37036
37036 37060
37060 37067
37067 37075
37075 37084
37084 37092
37092 37113
37113 37139
37139 37152
37152 37159
37159 37166
37166 37171
37171 37178
37178 37200
37200 37206
37206 37221
37221 37235
37235 37266
37266 37276
37276 37283
37283 37294
37294 37301
37301 37318
37318 37327
37327 37332
37332 37338
37338 37360
37360 37368
37368 37383
37383 37398
37398 37406
37406 37434
37434 37440
37440 37446
37446 37482
37482 37513
37513 37530
37530 37537
37537 37547
37547 37582
37582 37587
37587 37591
37591 37597
37597 37602
37602 37609
37609 37616
37616 37623
37623 37628
37628 37633
37633 37643
37643 37648
37648 37666
37666 37688
37688 37697
37697 37707
37707 37732
37732 37772
37772 37785
37785 37798
37798 37810
37810 37815
37815 37822
37822 37830
37830 37838
37838 37845
37845 37857
37857 37870
37870 37877
37877 37884
37884 37912
37912 37927
37927 37947
37947 37955
37955 37963
37963 37968
37968 37982
37982 37997
37997 38005
38005 38017
38017 38039
38039 38045
38045 38066
38066 38070
38070 38088
38088 38092
38092 38103
38103 38107
38107 38113
38113 38130
38130 38156
38156 38161
38161 38166
38166 38176
38176 38200
38200 38215
38215 38220
38220 38253
38253 38266
38266 38274
38274 38280
38280 38315
38315 38331
38331 38337
38337 38358
38358 38374
38374 38380
38380 38402
38402 38429
38429 38439
38439 38443
38443 38455
38455 38468
38468 38483
38483 38502
38502 38506
38506 38514
38514 38538
38538 38551
38551 38573
38573 38580
38580 38590
38590 38598
38598 38614
38614 38633
38633 38639
38639 38645
38645 38660
38660 38674
38674 38693
38693 38700
38700 38710
38710 38716
38716 38741
38741 38750
38750 38757
38757 38764
38764 38768
38768 38796
38796 38811
38811 38818
38818 38825
38825 38835
38835 38853
38853 38866
38866 38874
38874 38881
38881 38893
38893 38903
38903 38908
38908 38922
38922 38937
38937 38955
38955 38966
38966 38984
38984 38992
38992 39002
39002 39011
39011 39023
39023 39032
39032 39039
39039 39056
39056 39065
39065 39075
39075 39097
39097 39103
39103 39118
39118 39132
39132 39141
39141 39146
39146 39155
39155 39164
39164 39181
39181 39190
39190 39205
39205 39210
39210 39223
39223 39230
39230 39238
39238 39254
39254 39269
39269 39281
39281 39286
