0 14
14 21
21 37
37 55
55 72
72 97
97 123
123 143
143 155
155 172
172 180
180 195
195 209
209 216
216 251
251 270
270 278
278 288
288 298
298 307
307 319
319 330
330 346
346 365
365 377
377 385
385 403
403 413
413 423
423 431
431 476
476 502
502 507
507 524
524 531
531 539
539 556
556 563
563 573
573 588
588 596
596 604
604 611
611 618
618 627
627 632
632 651
651 655
655 674
674 687
687 701
701 718
718 732
732 745
745 794
794 806
806 818
818 823
823 829
829 834
834 848
848 857
857 869
869 878
878 895
895 904
904 908
908 937
937 948
948 959
959 967
967 974
974 985
985 1005
1005 1024
1024 1082
1082 1090
1090 1114
1114 1122
1122 1128
1128 1134
1134 1138
1138 1149
1149 1163
1163 1169
1169 1188
1188 1207
1207 1211
1211 1234
1234 1239
1239 1251
1251 1261
1261 1285
1285 1292
1292 1307
1307 1324
1324 1337
1337 1342
1342 1354
1354 1373
1373 1380
1380 1388
1388 1409
1409 1420
1420 1427
1427 1437
1437 1444
1444 1456
1456 1462
1462 1472
1472 1485
1485 1500
1500 1509
1509 1519
1519 1547
1547 1568
1568 1583
1583 1589
1589 1595
1595 1606
1606 1611
1611 1619
1619 1644
1644 1651
1651 1660
1660 1675
1675 1683
1683 1695
1695 1703
1703 1714
1714 1721
1721 1725
1725 1740
1740 1764
1764 1768
1768 1779
1779 1785
1785 1799
1799 1817
1817 1824
1824 1834
1834 1845
1845 1855
1855 1876
1876 1881
1881 1900
1900 1906
1906 1928
1928 1937
1937 1980
1980 2000
2000 2009
2009 2034
2034 2038
2038 2045
2045 2072
2072 2102
2102 2109
2109 2113
2113 2119
2119 2137
2137 2146
2146 2160
2160 2166
2166 2172
2172 2184
2184 2199
2199 2206
2206 2213
2213 2224
2224 2228
2228 2235
2235 2244
2244 2256
2256 2279
2279 2289
2289 2308
2308 2313
2313 2346
2346 2371
2371 2379
2379 2389
2389 2397
2397 2406
2406 2411
2411 2435
2435 2463
2463 2468
2468 2476
2476 2486
2486 2491
2491 2497
2497 2501
2501 2521
2521 2552
2552 2559
2559 2572
2572 2586
2586 2619
2619 2631
2631 2646
2646 2650
2650 2656
2656 2663
2663 2677
2677 2689
2689 2713
2713 2724
2724 2732
2732 2744
2744 2778
2778 2809
2809 2834
2834 2844
2844 2861
2861 2872
2872 2881
2881 2891
2891 2896
2896 2904
2904 2912
2912 2919
2919 2931
2931 2953
2953 2957
2957 2969
2969 2976
2976 2982
2982 2987
2987 2993
2993 3001
3001 3015
3015 3033
3033 3052
3052 3063
3063 3077
3077 3082
3082 3086
3086 3091
3091 3096
3096 3102
3102 3131
3131 3135
3135 3142
3142 3158
3158 3163
3163 3186
3186 3192
3192 3198
3198 3210
3210 3217
3217 3237
3237 3244
3244 3257
3257 3262
3262 3281
3281 3286
3286 3293
3293 3301
3301 3326
3326 3330
3330 3337
3337 3353
3353 3360
3360 3368
3368 3374
3374 3381
3381 3405
3405 3423
3423 3428
3428 3440
3440 3446
3446 3455
3455 3466
3466 3473
3473 3478
3478 3487
3487 3502
3502 3509
3509 3515
3515 3520
3520 3538
3538 3545
3545 3550
3550 3576
3576 3604
3604 3608
3608 3615
3615 3620
3620 3635
3635 3641
3641 3654
3654 3674
3674 3693
3693 3708
3708 3725
3725 3738
3738 3752
3752 3757
3757 3763
3763 3779
3779 3784
3784 3791
3791 3796
3796 3800
3800 3804
3804 3810
3810 3823
3823 3828
3828 3850
3850 3860
3860 3867
3867 3874
3874 3878
3878 3889
3889 3903
3903 3917
3917 3930
3930 3948
3948 3954
3954 3961
3961 3969
3969 3974
3974 3978
3978 3983
3983 3993
3993 4007
4007 4030
4030 4038
4038 4045
4045 4060
4060 4067
4067 4080
4080 4085
4085 4098
4098 4127
4127 4131
4131 4148
4148 4168
4168 4175
4175 4187
4187 4193
4193 4200
4200 4209
4209 4230
4230 4246
4246 4254
4254 4292
4292 4297
4297 4318
4318 4323
4323 4338
4338 4355
4355 4371
4371 4390
4390 4399
4399 4407
4407 4414
4414 4426
4426 4431
4431 4437
4437 4443
4443 4450
4450 4456
4456 4472
4472 4489
4489 4499
4499 4513
4513 4517
4517 4524
4524 4537
4537 4559
4559 4584
4584 4593
4593 4600
4600 4607
4607 4615
4615 4623
4623 4630
4630 4635
4635 4641
4641 4648
4648 4659
4659 4689
4689 4697
4697 4701
4701 4712
4712 4721
4721 4731
4731 4735
4735 4743
4743 4755
4755 4769
4769 4780
4780 4796
4796 4815
4815 4825
4825 4838
4838 4846
4846 4858
4858 4871
4871 4883
4883 4898
4898 4908
4908 4917
4917 4923
4923 4934
4934 4940
4940 4963
4963 4979
4979 4984
4984 4993
4993 5002
5002 5039
5039 5043
5043 5054
5054 5092
5092 5099
5099 5106
5106 5125
5125 5138
5138 5146
5146 5172
5172 5176
5176 5212
5212 5238
5238 5242
5242 5251
5251 5276
5276 5281
5281 5285
5285 5289
5289 5295
5295 5310
5310 5318
5318 5322
5322 5329
5329 5336
5336 5351
5351 5365
5365 5370
5370 5380
5380 5386
5386 5395
5395 5406
5406 5426
5426 5433
5433 5440
5440 5446
5446 5454
5454 5474
5474 5480
5480 5488
5488 5492
5492 5499
5499 5505
5505 5525
5525 5537
5537 5544
5544 5549
5549 5562
5562 5568
5568 5573
5573 5578
5578 5594
5594 5612
5612 5618
5618 5646
5646 5657
5657 5664
5664 5669
5669 5680
5680 5694
5694 5735
5735 5745
5745 5754
5754 5761
5761 5766
5766 5783
5783 5817
5817 5822
5822 5844
5844 5857
5857 5864
5864 5880
5880 5904
5904 5911
5911 5915
5915 5924
5924 5935
5935 5939
5939 5959
5959 5973
5973 5977
5977 5991
5991 6000
6000 6005
6005 6010
6010 6017
6017 6038
6038 6056
6056 6062
6062 6071
6071 6078
6078 6083
6083 6089
6089 6097
6097 6101
6101 6109
6109 6117
6117 6137
6137 6144
6144 6150
6150 6169
6169 6196
6196 6221
6221 6234
6234 6257
6257 6261
6261 6289
6289 6301
6301 6308
6308 6333
6333 6351
6351 6361
6361 6375
6375 6392
6392 6398
6398 6405
6405 6413
6413 6419
6419 6429
6429 6434
6434 6439
6439 6449
6449 6453
6453 6466
6466 6471
6471 6478
6478 6490
6490 6508
6508 6514
6514 6519
6519 6553
6553 6570
6570 6600
6600 6620
6620 6642
6642 6655
6655 6665
6665 6674
6674 6681
6681 6686
6686 6700
6700 6712
6712 6722
6722 6736
6736 6745
6745 6770
6770 6776
6776 6788
6788 6793
6793 6798
6798 6803
6803 6824
6824 6835
6835 6854
6854 6858
6858 6864
6864 6878
6878 6883
6883 6898
6898 6906
6906 6932
6932 6938
6938 6961
6961 6972
6972 6978
6978 6983
6983 7019
7019 7028
7028 7034
7034 7045
7045 7060
7060 7067
7067 7078
7078 7082
7082 7090
7090 7096
7096 7102
7102 7110
7110 7135
7135 7162
7162 7184
7184 7191
7191 7199
7199 7206
7206 7212
7212 7216
7216 7233
7233 7247
7247 7286
7286 7300
7300 7310
7310 7319
7319 7328
7328 7333
7333 7341
7341 7364
7364 7368
7368 7374
7374 7382
7382 7396
7396 7409
7409 7418
7418 7424
7424 7432
7432 7474
7474 7489
7489 7495
7495 7500
7500 7510
7510 7531
7531 7560
7560 7565
7565 7581
7581 7594
7594 7599
7599 7614
7614 7622
7622 7653
7653 7695
7695 7707
7707 7728
7728 7744
7744 7754
7754 7761
7761 7787
7787 7795
7795 7820
7820 7826
7826 7833
7833 7840
7840 7844
7844 7852
7852 7861
7861 7866
7866 7875
7875 7889
7889 7903
7903 7910
7910 7915
7915 7936
7936 7954
7954 7962
7962 7975
7975 7986
7986 7995
7995 8003
8003 8013
8013 8020
8020 8046
8046 8053
8053 8067
8067 8073
8073 8077
8077 8083
8083 8088
8088 8100
8100 8107
8107 8119
8119 8123
8123 8140
8140 8151
8151 8177
8177 8189
8189 8205
8205 8229
8229 8234
8234 8238
8238 8257
8257 8286
8286 8291
8291 8300
8300 8312
8312 8340
8340 8348
8348 8356
8356 8360
8360 8368
8368 8378
8378 8391
8391 8403
8403 8431
8431 8437
8437 8444
8444 8448
8448 8453
8453 8459
8459 8474
8474 8481
8481 8491
8491 8495
8495 8500
8500 8518
8518 8524
8524 8532
8532 8554
8554 8563
8563 8571
8571 8590
8590 8597
8597 8604
8604 8610
8610 8620
8620 8633
8633 8642
8642 8655
8655 8661
8661 8667
8667 8673
8673 8696
8696 8702
8702 8715
8715 8720
8720 8727
8727 8756
8756 8771
8771 8790
8790 8799
8799 8810
8810 8826
8826 8848
8848 8869
8869 8878
8878 8885
8885 8894
8894 8900
8900 8912
8912 8916
8916 8923
8923 8933
8933 8960
8960 8975
8975 8985
8985 8990
8990 8994
8994 9004
9004 9026
9026 9034
9034 9039
9039 9087
9087 9096
9096 9128
9128 9139
9139 9156
9156 9173
9173 9184
9184 9193
9193 9209
9209 9213
9213 9219
9219 9232
9232 9245
9245 9250
9250 9259
9259 9268
9268 9273
9273 9278
9278 9285
9285 9310
9310 9317
9317 9325
9325 9359
9359 9377
9377 9383
9383 9407
9407 9424
9424 9441
9441 9453
9453 9460
9460 9507
9507 9512
9512 9519
9519 9530
9530 9538
9538 9555
9555 9573
9573 9584
9584 9607
9607 9614
9614 9633
9633 9637
9637 9646
9646 9654
9654 9691
9691 9711
9711 9724
9724 9728
9728 9749
9749 9771
9771 9776
9776 9782
9782 9789
9789 9811
9811 9816
9816 9823
9823 9830
9830 9837
9837 9844
9844 9869
9869 9881
9881 9886
9886 9892
9892 9898
9898 9907
9907 9921
9921 9928
9928 9986
9986 10001
10001 10052
10052 10071
10071 10093
10093 10098
10098 10115
10115 10128
10128 10139
10139 10147
10147 10161
10161 10169
10169 10174
10174 10178
10178 10183
10183 10189
10189 10202
10202 10209
10209 10218
10218 10227
10227 10244
10244 10249
10249 10253
10253 10258
10258 10268
10268 10286
10286 10291
10291 10323
10323 10354
10354 10359
10359 10367
10367 10377
10377 10405
10405 10414
10414 10422
10422 10432
10432 10447
10447 10482
10482 10493
10493 10515
10515 10523
10523 10528
10528 10550
10550 10557
10557 10564
10564 10568
10568 10579
10579 10588
10588 10597
10597 10605
10605 10621
10621 10627
10627 10632
10632 10644
10644 10650
10650 10657
10657 10675
10675 10684
10684 10701
10701 10713
10713 10721
10721 10742
10742 10752
10752 10757
10757 10761
10761 10791
10791 10826
10826 10835
10835 10847
10847 10853
10853 10864
10864 10881
10881 10898
10898 10908
10908 10915
10915 10922
10922 10935
10935 10945
10945 10951
10951 10956
10956 10963
10963 10981
10981 10988
10988 10994
10994 11012
11012 11020
11020 11041
11041 11047
11047 11056
11056 11076
11076 11081
11081 11086
11086 11099
11099 11107
11107 11114
11114 11123
11123 11130
11130 11145
11145 11168
11168 11179
11179 11188
11188 11204
11204 11253
11253 11258
11258 11268
11268 11279
11279 11283
11283 11298
11298 11303
11303 11309
11309 11324
11324 11330
11330 11341
11341 11347
11347 11382
11382 11394
11394 11415
11415 11424
11424 11435
11435 11445
11445 11450
11450 11454
11454 11468
11468 11492
11492 11500
11500 11512
11512 11522
11522 11531
11531 11542
11542 11554
11554 11559
11559 11565
11565 11572
11572 11599
11599 11606
11606 11620
11620 11627
11627 11632
11632 11652
11652 11657
11657 11662
11662 11668
11668 11672
11672 11699
11699 11703
11703 11713
11713 11730
11730 11752
11752 11777
11777 11797
11797 11804
11804 11811
11811 11821
11821 11827
11827 11838
11838 11859
11859 11873
11873 11884
11884 11893
11893 11910
11910 11931
11931 11937
11937 11954
11954 11970
11970 11998
11998 12011
12011 12016
12016 12027
12027 12032
12032 12042
12042 12047
12047 12079
12079 12092
12092 12098
12098 12102
12102 12106
12106 12123
12123 12128
12128 12148
12148 12152
12152 12180
12180 12192
12192 12205
12205 12213
12213 12228
12228 12237
12237 12270
12270 12278
12278 12287
12287 12293
12293 12299
12299 12305
12305 12316
12316 12324
12324 12330
12330 12334
12334 12339
12339 12350
12350 12356
12356 12370
12370 12387
12387 12393
12393 12413
12413 12436
12436 12458
12458 12488
12488 12503
12503 12512
12512 12522
12522 12556
12556 12561
12561 12569
12569 12577
12577 12585
12585 12608
12608 12613
12613 12623
12623 12628
12628 12636
12636 12644
12644 12661
12661 12671
12671 12680
12680 12710
12710 12733
12733 12790
12790 12795
12795 12801
12801 12805
12805 12818
12818 12827
12827 12833
12833 12852
12852 12857
12857 12870
12870 12894
12894 12902
12902 12933
12933 12940
12940 12945
12945 12968
12968 13015
13015 13024
13024 13034
13034 13040
13040 13045
13045 13050
13050 13058
13058 13066
13066 13071
13071 13075
13075 13088
13088 13098
13098 13110
13110 13119
13119 13129
13129 13140
13140 13168
13168 13184
13184 13197
13197 13235
13235 13239
13239 13251
13251 13262
13262 13269
13269 13283
13283 13295
13295 13302
13302 13307
13307 13315
13315 13326
13326 13331
13331 13338
13338 13346
13346 13351
13351 13360
13360 13384
13384 13397
13397 13402
13402 13413
13413 13427
13427 13441
13441 13461
13461 13473
13473 13482
13482 13522
13522 13527
13527 13535
13535 13542
13542 13561
13561 13576
13576 13595
13595 13603
13603 13608
13608 13619
13619 13631
13631 13637
13637 13643
13643 13653
13653 13677
13677 13683
13683 13696
13696 13711
13711 13756
13756 13785
13785 13794
13794 13804
13804 13811
13811 13836
13836 13851
13851 13874
13874 13891
13891 13899
13899 13904
13904 13914
13914 13921
13921 13927
13927 13938
13938 13957
13957 13964
13964 13982
13982 13991
13991 13997
13997 14017
14017 14035
14035 14048
14048 14059
14059 14064
14064 14070
14070 14088
14088 14092
14092 14099
14099 14106
14106 14139
14139 14170
14170 14178
14178 14184
14184 14189
14189 14210
14210 14216
14216 14233
14233 14239
14239 14252
14252 14275
14275 14310
14310 14318
14318 14325
14325 14331
14331 14335
14335 14345
14345 14350
14350 14358
14358 14368
14368 14374
14374 14386
14386 14414
14414 14431
14431 14444
14444 14452
14452 14480
14480 14492
14492 14496
14496 14500
14500 14511
14511 14524
14524 14533
14533 14539
14539 14549
14549 14556
14556 14577
14577 14582
14582 14592
14592 14600
14600 14605
14605 14621
14621 14630
14630 14634
14634 14643
14643 14651
14651 14658
14658 14692
14692 14708
14708 14722
14722 14731
14731 14742
14742 14754
14754 14765
14765 14778
14778 14796
14796 14801
14801 14814
14814 14840
14840 14862
14862 14876
14876 14881
14881 14892
14892 14908
14908 14925
14925 14930
14930 14943
14943 14948
14948 14973
14973 14980
14980 15006
15006 15053
15053 15057
15057 15079
15079 15085
15085 15101
15101 15108
15108 15129
15129 15151
15151 15178
15178 15189
15189 15198
15198 15205
15205 15223
15223 15230
15230 15238
15238 15244
15244 15272
15272 15279
15279 15285
15285 15294
15294 15307
15307 15347
15347 15353
15353 15360
15360 15368
15368 15379
15379 15389
15389 15398
15398 15403
15403 15418
15418 15425
15425 15446
15446 15450
15450 15498
15498 15511
15511 15518
15518 15524
15524 15529
15529 15537
15537 15568
15568 15584
15584 15588
15588 15603
15603 15620
15620 15624
15624 15630
15630 15639
15639 15656
15656 15662
15662 15671
15671 15676
15676 15681
15681 15687
15687 15706
15706 15720
15720 15726
15726 15740
15740 15746
15746 15761
15761 15779
15779 15806
15806 15822
15822 15835
15835 15840
15840 15845
15845 15851
15851 15861
15861 15868
15868 15873
15873 15880
15880 15886
15886 15896
15896 15908
15908 15919
15919 15926
15926 15938
15938 15944
15944 15972
15972 15989
15989 16000
16000 16019
16019 16024
16024 16029
16029 16036
16036 16041
16041 16046
16046 16062
16062 16070
16070 16085
16085 16094
16094 16106
16106 16126
16126 16132
16132 16136
16136 16174
16174 16190
16190 16224
16224 16229
16229 16242
16242 16251
16251 16285
16285 16296
16296 16302
16302 16313
16313 16318
16318 16335
16335 16343
16343 16362
16362 16368
16368 16377
16377 16383
16383 16395
16395 16402
16402 16411
16411 16422
16422 16442
16442 16453
16453 16472
16472 16495
16495 16516
16516 16522
16522 16530
16530 16544
16544 16562
16562 16580
16580 16593
16593 16640
16640 16658
16658 16692
16692 16706
16706 16727
16727 16735
16735 16749
16749 16754
16754 16760
16760 16768
16768 16776
16776 16782
16782 16787
16787 16793
16793 16802
16802 16807
16807 16815
16815 16832
16832 16839
16839 16845
16845 16851
16851 16886
16886 16895
16895 16913
16913 16928
16928 16935
16935 16943
16943 16963
16963 16983
16983 16990
16990 17000
17000 17007
17007 17015
17015 17028
17028 17034
17034 17042
17042 17078
17078 17093
17093 17098
17098 17107
17107 17115
17115 17126
17126 17139
17139 17154
17154 17158
17158 17164
17164 17170
17170 17194
17194 17218
17218 17248
17248 17260
17260 17278
17278 17285
17285 17309
17309 17317
17317 17325
17325 17373
17373 17383
17383 17390
17390 17397
17397 17422
17422 17448
17448 17456
17456 17463
17463 17468
17468 17497
17497 17504
17504 17516
17516 17529
17529 17535
17535 17545
17545 17549
17549 17604
17604 17612
17612 17627
17627 17633
17633 17637
17637 17677
17677 17703
17703 17732
17732 17739
17739 17746
17746 17768
17768 17786
17786 17796
17796 17831
17831 17840
17840 17852
17852 17857
17857 17862
17862 17868
17868 17905
17905 17915
17915 17925
17925 17930
17930 17941
17941 17966
17966 17982
17982 17993
17993 18016
18016 18028
18028 18036
18036 18065
18065 18083
18083 18101
18101 18106
18106 18121
18121 18136
18136 18142
18142 18166
18166 18179
18179 18184
18184 18191
18191 18200
18200 18215
18215 18244
18244 18259
18259 18272
18272 18287
18287 18300
18300 18304
18304 18311
18311 18316
18316 18331
18331 18354
18354 18379
18379 18385
18385 18390
18390 18395
18395 18405
18405 18451
18451 18462
18462 18476
18476 18493
18493 18498
18498 18517
18517 18523
18523 18534
18534 18540
18540 18557
18557 18563
18563 18569
18569 18578
18578 18590
18590 18606
18606 18618
18618 18629
18629 18643
18643 18669
18669 18678
18678 18730
18730 18734
18734 18738
18738 18746
18746 18750
18750 18757
18757 18771
18771 18781
18781 18789
18789 18793
18793 18802
18802 18813
18813 18832
18832 18837
18837 18857
18857 18867
18867 18881
18881 18912
18912 18917
18917 18930
18930 18944
18944 18959
18959 18985
18985 19003
19003 19019
19019 19026
19026 19038
19038 19054
19054 19074
19074 19093
19093 19100
19100 19121
19121 19125
19125 19156
19156 19168
19168 19183
19183 19190
19190 19203
19203 19207
19207 19213
19213 19218
19218 19233
19233 19237
19237 19244
19244 19262
19262 19284
19284 19297
19297 19302
19302 19313
19313 19336
19336 19344
19344 19355
19355 19364
19364 19372
19372 19422
19422 19429
19429 19470
19470 19498
19498 19531
19531 19552
19552 19558
19558 19563
19563 19581
19581 19588
19588 19596
19596 19603
19603 19608
19608 19615
19615 19619
19619 19636
19636 19645
19645 19651
19651 19667
19667 19683
19683 19706
19706 19721
19721 19726
19726 19741
19741 19763
19763 19774
19774 19805
19805 19812
19812 19828
19828 19833
19833 19862
19862 19890
19890 19900
19900 19908
19908 19917
19917 19926
19926 19932
19932 19951
19951 19957
19957 19964
19964 19994
19994 20005
20005 20030
20030 20060
20060 20069
20069 20079
20079 20099
20099 20124
20124 20137
20137 20152
20152 20156
20156 20161
20161 20196
20196 20209
20209 20219
20219 20246
20246 20254
20254 20268
20268 20284
20284 20306
20306 20314
20314 20319
20319 20327
20327 20349
20349 20361
20361 20369
20369 20375
20375 20381
20381 20404
20404 20417
20417 20457
20457 20470
20470 20500
20500 20521
20521 20527
20527 20533
20533 20539
20539 20547
20547 20552
20552 20561
20561 20571
20571 20592
20592 20601
20601 20607
20607 20618
20618 20636
20636 20643
20643 20648
20648 20681
20681 20696
20696 20703
20703 20725
20725 20747
20747 20753
20753 20759
20759 20765
20765 20774
20774 20778
20778 20785
20785 20823
20823 20827
20827 20832
20832 20840
20840 20846
20846 20860
20860 20886
20886 20904
20904 20909
20909 20919
20919 20923
20923 20934
20934 20945
20945 20950
20950 20973
20973 20979
20979 20987
20987 20992
20992 21008
21008 21017
21017 21024
21024 21050
21050 21061
21061 21072
21072 21093
21093 21097
21097 21103
21103 21108
21108 21115
21115 21122
21122 21133
21133 21161
21161 21166
21166 21187
21187 21209
21209 21243
21243 21253
21253 21258
21258 21280
21280 21289
21289 21300
21300 21323
21323 21340
21340 21348
21348 21363
21363 21397
21397 21402
21402 21421
21421 21427
21427 21468
21468 21483
21483 21495
21495 21503
21503 21526
21526 21531
21531 21538
21538 21548
21548 21579
21579 21608
21608 21622
21622 21639
21639 21646
21646 21653
21653 21659
21659 21680
21680 21685
21685 21695
21695 21711
21711 21743
21743 21752
21752 21757
21757 21795
21795 21812
21812 21819
21819 21865
21865 21873
21873 21898
21898 21911
21911 21941
21941 21958
21958 21970
21970 21982
21982 21987
21987 22001
22001 22005
22005 22014
22014 22019
22019 22024
22024 22046
22046 22055
22055 22071
22071 22085
22085 22114
22114 22123
22123 22139
22139 22148
22148 22156
22156 22165
22165 22174
22174 22182
22182 22187
22187 22192
22192 22211
22211 22223
22223 22227
22227 22251
22251 22260
22260 22295
22295 22305
22305 22313
22313 22321
22321 22326
22326 22346
22346 22351
22351 22359
22359 22381
22381 22415
22415 22469
22469 22483
22483 22501
22501 22533
22533 22547
22547 22557
22557 22563
22563 22575
22575 22589
22589 22604
22604 22632
22632 22647
22647 22652
22652 22669
22669 22679
22679 22686
22686 22691
22691 22696
22696 22701
22701 22717
22717 22725
22725 22730
22730 22742
22742 22756
22756 22780
22780 22792
22792 22807
22807 22815
22815 22828
22828 22839
22839 22845
22845 22869
22869 22888
22888 22895
22895 22904
22904 22928
22928 22949
22949 22965
22965 22974
22974 22982
22982 22987
22987 23000
23000 23016
23016 23036
23036 23043
23043 23048
23048 23058
23058 23066
23066 23083
23083 23090
23090 23098
23098 23104
23104 23109
23109 23118
23118 23144
23144 23151
23151 23170
23170 23178
23178 23184
23184 23202
23202 23216
23216 23236
23236 23246
23246 23265
23265 23275
23275 23282
23282 23294
23294 23306
23306 23333
23333 23371
23371 23375
23375 23386
23386 23393
23393 23410
23410 23415
23415 23422
23422 23443
23443 23451
23451 23458
23458 23464
23464 23472
23472 23493
23493 23500
23500 23505
23505 23516
23516 23528
23528 23534
23534 23541
23541 23548
23548 23556
23556 23562
23562 23570
23570 23582
23582 23597
23597 23618
23618 23627
23627 23636
23636 23652
23652 23661
23661 23667
23667 23679
23679 23698
23698 23702
23702 23714
23714 23725
23725 23741
23741 23748
23748 23771
23771 23775
23775 23795
23795 23821
23821 23833
23833 23842
23842 23851
23851 23857
23857 23866
23866 23884
23884 23898
23898 23916
23916 23930
23930 23934
23934 23958
23958 23979
23979 23999
23999 24012
24012 24016
24016 24021
24021 24027
24027 24033
24033 24038
24038 24044
24044 24072
24072 24084
24084 24096
24096 24102
24102 24119
24119 24150
24150 24155
24155 24182
24182 24209
24209 24230
24230 24247
24247 24266
24266 24273
24273 24279
24279 24286
24286 24332
24332 24347
24347 24355
24355 24362
24362 24373
24373 24401
24401 24406
24406 24437
24437 24458
24458 24464
24464 24473
24473 24482
24482 24510
24510 24519
24519 24529
24529 24534
24534 24538
24538 24546
24546 24551
24551 24560
24560 24576
24576 24603
24603 24613
24613 24619
24619 24623
24623 24637
24637 24654
24654 24671
24671 24676
24676 24682
24682 24693
24693 24703
24703 24714
24714 24743
24743 24749
24749 24753
24753 24765
24765 24772
24772 24800
24800 24808
24808 24812
24812 24820
24820 24828
24828 24835
24835 24844
24844 24856
24856 24869
24869 24873
24873 24883
24883 24892
24892 24896
24896 24903
24903 24913
24913 24921
24921 24968
24968 24982
24982 24987
24987 24999
24999 25008
25008 25020
25020 25024
25024 25050
25050 25070
25070 25082
25082 25105
25105 25116
25116 25122
25122 25129
25129 25142
25142 25148
25148 25187
25187 25210
25210 25215
25215 25251
25251 25263
25263 25271
25271 25294
25294 25304
25304 25317
25317 25326
25326 25333
25333 25342
25342 25358
25358 25362
25362 25373
25373 25383
25383 25407
25407 25414
25414 25420
25420 25430
25430 25450
25450 25461
25461 25482
25482 25508
25508 25513
25513 25523
25523 25528
25528 25549
25549 25579
25579 25590
25590 25614
25614 25632
25632 25654
25654 25670
25670 25674
25674 25707
25707 25715
25715 25721
25721 25729
25729 25733
25733 25741
25741 25751
25751 25763
25763 25772
25772 25776
25776 25782
25782 25787
25787 25791
25791 25796
25796 25800
25800 25811
25811 25829
25829 25835
25835 25850
25850 25861
25861 25871
25871 25878
25878 25884
25884 25902
25902 25916
25916 25928
25928 25950
25950 25969
25969 25975
25975 25997
25997 26012
26012 26041
26041 26045
26045 26056
26056 26090
26090 26096
26096 26116
26116 26120
26120 26126
26126 26135
26135 26141
26141 26147
26147 26158
26158 26165
26165 26170
26170 26175
26175 26182
26182 26193
26193 26198
26198 26212
26212 26223
26223 26229
26229 26240
26240 26249
26249 26259
26259 26278
26278 26283
26283 26292
26292 26301
26301 26308
26308 26313
26313 26340
26340 26348
26348 26371
26371 26377
26377 26394
26394 26405
26405 26411
26411 26422
26422 26437
26437 26485
26485 26508
26508 26518
26518 26523
26523 26531
26531 26550
26550 26570
26570 26576
26576 26582
26582 26599
26599 26603
26603 26613
26613 26618
26618 26624
26624 26635
26635 26657
26657 26666
26666 26679
26679 26684
26684 26688
26688 26706
26706 26716
26716 26734
26734 26760
26760 26768
26768 26777
26777 26794
26794 26801
26801 26806
26806 26821
26821 26825
26825 26831
26831 26854
26854 26877
26877 26890
26890 26899
26899 26916
26916 26928
26928 26934
26934 26946
26946 26959
26959 26967
26967 26976
26976 26986
26986 26992
26992 27005
27005 27023
27023 27039
27039 27046
27046 27054
27054 27066
27066 27072
27072 27104
27104 27113
27113 27117
27117 27122
27122 27129
27129 27134
27134 27140
27140 27152
27152 27160
27160 27174
27174 27200
27200 27232
27232 27243
27243 27247
27247 27264
27264 27311
27311 27323
27323 27328
27328 27332
27332 27341
27341 27345
27345 27349
27349 27353
27353 27376
27376 27380
27380 27387
27387 27392
27392 27398
27398 27426
27426 27431
27431 27442
27442 27446
27446 27463
27463 27472
27472 27477
27477 27490
27490 27504
27504 27538
27538 27556
27556 27565
27565 27570
27570 27580
27580 27594
27594 27598
27598 27606
27606 27635
27635 27668
27668 27680
27680 27694
27694 27706
27706 27716
27716 27733
27733 27741
27741 27756
27756 27766
27766 27772
27772 27779
27779 27789
27789 27801
27801 27805
27805 27823
27823 27832
27832 27838
27838 27842
27842 27854
27854 27863
27863 27877
27877 27885
27885 27899
27899 27905
27905 27911
27911 27920
27920 27939
27939 27956
27956 27961
27961 27970
27970 27992
27992 27996
27996 28045
28045 28054
28054 28058
28058 28063
28063 28071
28071 28080
28080 28102
28102 28117
28117 28125
28125 28152
28152 28160
28160 28168
28168 28199
28199 28207
28207 28223
28223 28245
28245 28253
28253 28272
28272 28290
28290 28294
28294 28329
28329 28359
28359 28365
28365 28383
28383 28391
28391 28404
28404 28410
28410 28420
28420 28425
28425 28438
28438 28452
28452 28485
28485 28503
28503 28521
28521 28533
28533 28537
28537 28550
28550 28556
28556 28570
28570 28602
28602 28610
28610 28650
28650 28656
28656 28665
28665 28679
28679 28684
28684 28709
28709 28717
28717 28744
28744 28750
28750 28768
28768 28775
28775 28788
28788 28796
28796 28819
28819 28832
28832 28836
28836 28876
28876 28900
28900 28937
28937 28947
28947 28960
28960 28982
28982 28988
28988 29012
29012 29025
29025 29039
29039 29064
29064 29070
29070 29083
29083 29089
29089 29093
29093 29105
29105 29113
29113 29133
29133 29140
29140 29154
29154 29176
29176 29185
29185 29189
29189 29206
29206 29213
29213 29222
29222 29231
29231 29252
29252 29260
29260 29265
29265 29291
29291 29319
29319 29332
29332 29339
29339 29355
29355 29376
29376 29384
29384 29392
29392 29399
29399 29427
29427 29448
29448 29462
29462 29466
29466 29472
29472 29481
29481 29497
29497 29513
29513 29525
29525 29539
29539 29543
29543 29552
29552 29572
29572 29602
29602 29615
29615 29622
29622 29626
29626 29632
29632 29648
29648 29676
29676 29684
29684 29700
29700 29708
29708 29742
29742 29747
29747 29759
29759 29765
29765 29777
29777 29798
29798 29804
29804 29811
29811 29827
29827 29840
29840 29848
29848 29853
29853 29861
29861 29877
29877 29894
29894 29899
29899 29917
29917 29925
29925 29942
29942 29956
29956 29962
29962 29968
29968 29973
29973 29981
29981 29988
29988 29993
29993 29997
29997 30021
30021 30026
30026 30051
30051 30057
30057 30061
30061 30066
30066 30074
30074 30084
30084 30098
30098 30108
30108 30116
30116 30122
30122 30145
30145 30151
30151 30166
30166 30173
30173 30183
30183 30206
30206 30234
30234 30242
30242 30249
30249 30264
30264 30272
30272 30296
30296 30300
30300 30311
30311 30330
30330 30345
30345 30362
30362 30368
30368 30372
30372 30377
30377 30390
30390 30405
30405 30412
30412 30419
30419 30427
30427 30438
30438 30456
30456 30468
30468 30483
30483 30495
30495 30500
30500 30514
30514 30519
30519 30535
30535 30544
30544 30551
30551 30576
30576 30583
30583 30620
30620 30629
30629 30634
30634 30643
30643 30648
30648 30669
30669 30674
30674 30687
30687 30702
30702 30716
30716 30724
30724 30733
30733 30752
30752 30761
30761 30771
30771 30778
30778 30792
30792 30796
30796 30811
30811 30819
30819 30825
30825 30830
30830 30838
30838 30845
30845 30854
30854 30860
30860 30896
30896 30907
30907 30912
30912 30926
30926 30930
30930 30935
30935 30951
30951 30959
30959 30967
30967 30975
30975 30982
30982 30997
30997 31025
31025 31030
31030 31058
31058 31083
31083 31093
31093 31127
31127 31139
31139 31144
31144 31152
31152 31161
31161 31166
31166 31176
31176 31194
31194 31200
31200 31206
31206 31211
31211 31224
31224 31229
31229 31245
31245 31264
31264 31270
31270 31275
31275 31282
31282 31301
31301 31322
31322 31328
31328 31345
31345 31351
31351 31356
31356 31367
31367 31394
31394 31434
31434 31439
31439 31468
31468 31482
31482 31495
31495 31502
31502 31514
31514 31521
31521 31531
31531 31538
31538 31546
31546 31583
31583 31592
31592 31609
31609 31614
31614 31632
31632 31648
31648 31654
31654 31682
31682 31689
31689 31703
31703 31719
31719 31728
31728 31745
31745 31751
31751 31784
31784 31805
31805 31817
31817 31828
31828 31838
31838 31848
31848 31854
31854 31870
31870 31874
31874 31883
31883 31889
31889 31912
31912 31918
31918 31933
31933 31939
31939 31945
31945 31955
31955 31964
31964 31969
31969 31974
31974 31991
31991 32007
32007 32014
32014 32020
32020 32042
32042 32056
32056 32063
32063 32071
32071 32096
32096 32108
32108 32118
32118 32125
32125 32130
32130 32135
32135 32142
32142 32148
32148 32154
32154 32161
32161 32167
32167 32189
32189 32213
32213 32226
32226 32238
32238 32253
32253 32260
32260 32270
32270 32275
32275 32289
32289 32302
32302 32326
32326 32333
32333 32356
32356 32364
32364 32371
32371 32392
32392 32400
32400 32412
32412 32427
32427 32442
32442 32448
32448 32479
32479 32488
32488 32496
32496 32503
32503 32507
32507 32514
32514 32520
32520 32536
32536 32541
32541 32552
32552 32589
32589 32601
32601 32615
32615 32621
32621 32631
32631 32639
32639 32651
32651 32685
32685 32731
32731 32737
32737 32742
32742 32770
32770 32774
32774 32784
32784 32804
32804 32809
32809 32814
32814 32822
32822 32831
32831 32841
32841 32846
32846 32857
32857 32866
32866 32871
32871 32891
32891 32903
32903 32916
32916 32925
32925 32954
32954 32959
32959 32966
32966 32977
32977 32990
32990 32998
32998 33002
33002 33016
33016 33035
33035 33047
33047 33057
33057 33062
33062 33095
33095 33103
33103 33145
33145 33150
33150 33157
33157 33164
33164 33170
33170 33177
33177 33201
33201 33216
33216 33222
33222 33226
33226 33233
33233 33244
33244 33256
33256 33273
33273 33289
33289 33316
33316 33322
33322 33355
33355 33368
33368 33400
33400 33427
33427 33432
33432 33449
33449 33459
33459 33497
33497 33506
33506 33511
33511 33516
33516 33523
33523 33533
33533 33539
33539 33552
33552 33560
33560 33575
33575 33602
33602 33606
33606 33612
33612 33631
33631 33654
33654 33668
33668 33675
33675 33681
33681 33686
33686 33695
33695 33724
33724 33728
33728 33736
33736 33741
33741 33750
33750 33758
33758 33766
33766 33781
33781 33786
33786 33794
33794 33803
33803 33807
33807 33812
33812 33820
33820 33832
33832 33859
33859 33865
33865 33874
33874 33880
33880 33890
33890 33899
33899 33941
33941 33946
33946 33950
33950 33983
33983 33987
33987 33993
33993 33997
33997 34002
34002 34006
34006 34011
34011 34017
34017 34026
34026 34037
34037 34045
34045 34051
34051 34061
34061 34065
34065 34078
34078 34085
34085 34090
34090 34111
34111 34127
34127 34134
34134 34139
34139 34145
34145 34150
34150 34156
34156 34216
34216 34222
34222 34227
34227 34251
34251 34258
34258 34269
34269 34276
34276 34292
34292 34298
34298 34306
34306 34312
34312 34322
34322 34331
34331 34341
34341 34346
34346 34352
34352 34380
34380 34408
34408 34417
34417 34422
34422 34427
34427 34435
34435 34440
34440 34444
34444 34448
34448 34456
34456 34495
34495 34501
34501 34507
34507 34514
34514 34524
34524 34545
34545 34551
34551 34588
34588 34600
34600 34604
34604 34614
34614 34621
34621 34630
34630 34634
34634 34662
34662 34667
34667 34677
34677 34681
34681 34686
34686 34727
34727 34732
34732 34739
34739 34746
34746 34753
34753 34758
34758 34762
34762 34772
34772 34777
34777 34804
34804 34808
34808 34812
34812 34817
34817 34824
34824 34840
34840 34866
34866 34874
34874 34884
34884 34891
34891 34899
34899 34915
34915 34923
34923 34933
34933 34941
34941 34945
34945 34951
34951 34956
34956 34961
34961 34974
34974 34995
34995 35026
35026 35046
35046 35060
35060 35066
35066 35072
35072 35084
35084 35115
35115 35134
35134 35192
35192 35198
35198 35205
35205 35209
35209 35220
35220 35249
35249 35256
35256 35261
35261 35267
35267 35276
35276 35282
35282 35289
35289 35293
35293 35321
35321 35328
35328 35345
35345 35352
35352 35362
35362 35367
35367 35372
35372 35378
35378 35384
35384 35415
35415 35427
35427 35431
35431 35438
35438 35451
35451 35466
35466 35480
35480 35487
35487 35495
35495 35503
35503 35508
35508 35517
35517 35521
35521 35526
35526 35530
35530 35535
35535 35545
35545 35552
35552 35560
35560 35573
35573 35583
35583 35595
35595 35612
35612 35621
35621 35631
35631 35635
35635 35642
35642 35649
35649 35667
35667 35685
35685 35708
35708 35712
35712 35720
35720 35725
35725 35741
35741 35747
35747 35752
35752 35765
35765 35788
35788 35792
35792 35801
35801 35807
35807 35812
35812 35825
35825 35833
35833 35839
35839 35869
35869 35880
35880 35886
35886 35901
35901 35907
35907 35914
35914 35921
35921 35927
35927 35936
35936 35941
35941 35959
35959 35970
35970 35974
35974 35979
35979 36006
36006 36024
36024 36029
36029 36034
36034 36064
36064 36074
36074 36080
36080 36093
36093 36107
36107 36113
36113 36119
36119 36127
36127 36134
36134 36139
36139 36146
36146 36152
36152 36173
36173 36182
36182 36189
36189 36200
36200 36204
36204 36209
36209 36213
36213 36221
36221 36233
36233 36287
36287 36291
36291 36308
36308 36355
36355 36376
36376 36382
36382 36402
36402 36418
36418 36426
36426 36433
36433 36442
36442 36448
36448 36452
36452 36459
36459 36468
36468 36472
36472 36509
36509 36515
36515 36526
36526 36537
36537 36544
36544 36548
36548 36556
36556 36564
36564 36575
36575 36585
36585 36599
36599 36608
36608 36641
36641 36651
36651 36661
36661 36665
36665 36680
36680 36685
36685 36697
36697 36708
36708 36713
36713 36718
36718 36730
36730 36742
36742 36766
36766 36776
36776 36815
36815 36841
36841 36848
36848 36877
36877 36891
36891 36896
36896 36924
36924 36931
36931 36937
36937 36965
36965 36976
36976 36981
36981 36987
36987 36993
36993 36998
36998 37008
37008 37025
37025 37053
37053 37062
37062 37068
37068 37076
37076 37085
37085 37096
37096 37104
37104 37126
37126 37139
37139 37162
37162 37172
37172 37186
37186 37191
37191 37208
37208 37227
37227 37242
37242 37246
37246 37252
37252 37273
37273 37278
37278 37295
37295 37302
37302 37308
37308 37313
37313 37320
37320 37327
37327 37350
37350 37373
37373 37401
37401 37409
37409 37416
37416 37442
37442 37447
37447 37458
37458 37470
37470 37479
37479 37486
37486 37505
37505 37514
37514 37524
37524 37530
37530 37549
37549 37560
37560 37612
37612 37618
37618 37637
37637 37646
37646 37671
37671 37677
37677 37720
37720 37737
37737 37753
37753 37760
37760 37778
37778 37785
37785 37796
37796 37819
37819 37826
37826 37836
37836 37846
37846 37861
37861 37869
37869 37876
37876 37881
37881 37885
37885 37891
37891 37905
37905 37909
37909 37920
37920 37929
37929 37976
37976 37987
37987 38001
38001 38012
38012 38029
38029 38049
38049 38059
38059 38085
38085 38090
38090 38094
38094 38102
38102 38107
38107 38114
38114 38122
38122 38138
38138 38148
38148 38177
38177 38184
38184 38192
38192 38206
38206 38213
38213 38250
38250 38267
38267 38309
38309 38328
38328 38333
38333 38360
38360 38365
38365 38373
38373 38392
38392 38399
38399 38405
38405 38425
38425 38438
38438 38452
38452 38457
38457 38470
38470 38480
38480 38500
38500 38516
38516 38527
38527 38534
38534 38563
38563 38598
38598 38605
38605 38612
38612 38632
38632 38650
38650 38660
38660 38673
38673 38680
38680 38687
38687 38702
38702 38783
38783 38798
38798 38804
38804 38813
38813 38826
38826 38846
38846 38856
38856 38869
38869 38892
38892 38898
38898 38916
38916 38924
38924 38940
38940 38946
38946 38962
38962 38979
38979 38990
38990 38997
38997 39016
39016 39047
39047 39052
39052 39062
39062 39089
39089 39102
39102 39116
39116 39131
39131 39152
39152 39156
39156 39162
39162 39166
39166 39182
39182 39202
39202 39222
39222 39240
39240 39255
39255 39269
39269 39275
39275 39286
39286 39293
39293 39299
39299 39307
39307 39361
39361 39368
39368 39390
39390 39402
39402 39408
39408 39421
39421 39432
39432 39469
39469 39482
39482 39492
39492 39511
39511 39523
39523 39537
39537 39559
39559 39580
39580 39587
39587 39592
39592 39600
39600 39606
39606 39621
39621 39645
39645 39657
39657 39684
39684 39704
39704 39738
39738 39744
39744 39750
39750 39756
39756 39782
39782 39827
39827 39832
39832 39854
39854 39863
39863 39874
39874 39889
39889 39899
39899 39909
39909 39917
39917 39923
39923 39931
39931 39958
39958 39981
39981 40003
40003 40052
40052 40067
40067 40076
40076 40100
40100 40122
40122 40135
40135 40169
40169 40201
40201 40212
40212 40217
40217 40233
40233 40257
40257 40271
40271 40301
40301 40312
40312 40321
40321 40350
40350 40381
40381 40387
40387 40397
40397 40427
40427 40435
40435 40451
40451 40464
40464 40477
40477 40500
40500 40504
40504 40524
40524 40583
40583 40592
40592 40604
40604 40614
40614 40634
40634 40648
40648 40659
40659 40663
40663 40674
40674 40680
40680 40687
40687 40696
40696 40701
40701 40705
40705 40717
40717 40730
40730 40744
40744 40764
40764 40768
40768 40816
40816 40829
40829 40846
40846 40852
40852 40859
40859 40882
40882 40901
40901 40906
40906 40930
40930 40939
40939 40951
40951 40962
40962 40969
40969 40979
40979 40988
40988 41004
41004 41017
41017 41028
41028 41033
41033 41051
41051 41063
41063 41078
41078 41088
41088 41126
41126 41131
41131 41139
41139 41153
41153 41189
41189 41193
41193 41200
41200 41217
41217 41229
41229 41235
41235 41249
41249 41255
41255 41284
41284 41289
41289 41314
41314 41323
41323 41333
41333 41358
41358 41365
41365 41417
41417 41434
41434 41450
41450 41463
41463 41492
41492 41498
41498 41509
41509 41513
41513 41557
41557 41572
41572 41583
41583 41589
41589 41613
41613 41617
41617 41624
41624 41631
41631 41654
41654 41681
41681 41685
41685 41692
41692 41704
41704 41730
41730 41743
41743 41748
41748 41752
41752 41758
41758 41779
41779 41792
41792 41801
41801 41809
41809 41824
41824 41832
41832 41847
41847 41851
41851 41868
41868 41874
41874 41878
41878 41901
41901 41906
41906 41925
41925 41938
41938 41955
41955 41971
41971 41975
41975 41985
41985 42011
42011 42030
42030 42056
42056 42070
42070 42080
42080 42085
42085 42093
42093 42103
42103 42109
42109 42115
42115 42120
42120 42129
42129 42135
42135 42166
42166 42174
42174 42204
42204 42211
42211 42221
42221 42234
42234 42242
42242 42248
42248 42258
42258 42267
42267 42276
42276 42298
42298 42321
42321 42337
42337 42348
42348 42361
42361 42366
42366 42373
42373 42381
42381 42387
42387 42392
42392 42398
42398 42429
42429 42439
42439 42446
42446 42459
42459 42479
42479 42508
42508 42514
42514 42518
42518 42524
42524 42536
42536 42552
42552 42556
42556 42577
42577 42601
42601 42609
42609 42624
42624 42636
42636 42641
42641 42665
42665 42671
42671 42700
42700 42737
42737 42752
42752 42773
42773 42777
42777 42799
42799 42817
42817 42827
42827 42846
42846 42855
42855 42873
42873 42882
42882 42902
42902 42909
42909 42915
42915 42920
42920 42941
42941 42970
42970 42974
42974 42983
42983 42992
42992 43018
43018 43027
43027 43036
43036 43052
43052 43068
43068 43078
43078 43086
43086 43100
43100 43116
43116 43137
43137 43151
43151 43164
43164 43169
43169 43193
43193 43198
43198 43221
43221 43228
43228 43232
43232 43239
43239 43257
43257 43273
43273 43285
43285 43292
43292 43298
43298 43304
43304 43318
43318 43324
43324 43360
43360 43369
43369 43381
43381 43393
43393 43401
43401 43417
43417 43443
43443 43448
43448 43460
43460 43464
43464 43477
43477 43503
43503 43511
43511 43521
43521 43528
43528 43548
43548 43557
43557 43567
43567 43573
43573 43586
43586 43593
43593 43598
43598 43613
43613 43621
43621 43639
43639 43666
43666 43682
43682 43700
43700 43710
43710 43725
43725 43748
43748 43755
43755 43764
43764 43773
43773 43780
43780 43793
43793 43806
43806 43818
43818 43831
43831 43850
43850 43855
43855 43876
43876 43902
43902 43907
43907 43915
43915 43920
43920 43927
43927 43945
43945 43975
43975 43985
43985 44005
44005 44013
44013 44029
44029 44040
44040 44069
44069 44092
44092 44105
44105 44127
44127 44132
44132 44139
44139 44145
44145 44157
44157 44175
44175 44206
44206 44224
44224 44230
44230 44236
44236 44258
44258 44265
44265 44272
44272 44281
44281 44294
44294 44310
44310 44314
44314 44333
44333 44337
44337 44357
44357 44362
44362 44370
44370 44374
44374 44381
44381 44389
44389 44410
44410 44432
44432 44436
44436 44465
44465 44472
44472 44482
44482 44489
44489 44498
44498 44506
44506 44530
44530 44542
44542 44547
44547 44574
44574 44580
44580 44588
44588 44596
44596 44607
44607 44614
44614 44631
44631 44650
44650 44668
44668 44673
44673 44687
44687 44707
44707 44713
44713 44727
44727 44731
44731 44735
44735 44758
44758 44764
44764 44779
44779 44785
44785 44793
44793 44813
44813 44819
44819 44842
44842 44848
44848 44864
44864 44870
44870 44885
44885 44899
44899 44908
44908 44913
44913 44923
44923 44938
44938 44944
44944 44970
44970 44975
44975 44992
44992 44997
44997 45002
45002 45008
45008 45018
45018 45041
45041 45055
45055 45062
45062 45075
45075 45097
45097 45104
45104 45113
45113 45128
45128 45143
45143 45149
45149 45167
45167 45177
45177 45181
45181 45185
45185 45193
45193 45202
45202 45207
45207 45213
45213 45219
45219 45229
45229 45253
45253 45258
45258 45265
45265 45293
45293 45310
45310 45320
45320 45325
45325 45333
45333 45346
45346 45351
45351 45356
45356 45362
45362 45374
45374 45385
45385 45409
45409 45425
45425 45431
45431 45440
45440 45444
45444 45454
45454 45470
45470 45485
45485 45493
45493 45504
45504 45521
45521 45526
45526 45544
45544 45551
45551 45556
45556 45571
45571 45577
45577 45582
