0 7
7 22
22 47
47 65
65 83
83 95
95 104
104 113
113 117
117 137
137 160
160 168
168 185
185 197
197 205
205 227
227 231
231 236
236 243
243 283
283 294
294 303
303 317
317 326
326 352
352 360
360 381
381 417
417 421
421 432
432 452
452 464
464 486
486 509
509 519
519 553
553 571
571 576
576 581
581 599
599 606
606 643
643 652
652 660
660 666
666 689
689 694
694 714
714 718
718 727
727 739
739 754
754 786
786 799
799 806
806 811
811 830
830 835
835 840
840 862
862 896
896 918
918 927
927 950
950 956
956 973
973 995
995 1002
1002 1028
1028 1064
1064 1069
1069 1082
1082 1103
1103 1125
1125 1137
1137 1145
1145 1150
1150 1158
1158 1172
1172 1186
1186 1193
1193 1198
1198 1219
1219 1230
1230 1236
1236 1267
1267 1280
1280 1285
1285 1294
1294 1306
1306 1326
1326 1354
1354 1359
1359 1369
1369 1390
1390 1397
1397 1409
1409 1421
1421 1427
1427 1434
1434 1443
1443 1453
1453 1461
1461 1467
1467 1482
1482 1503
1503 1511
1511 1530
1530 1546
1546 1557
1557 1569
1569 1595
1595 1613
1613 1618
1618 1630
1630 1645
1645 1649
1649 1657
1657 1668
1668 1673
1673 1688
1688 1692
1692 1707
1707 1730
1730 1766
1766 1787
1787 1792
1792 1798
1798 1805
1805 1810
1810 1819
1819 1826
1826 1831
1831 1864
1864 1871
1871 1876
1876 1889
1889 1908
1908 1913
1913 1918
1918 1954
1954 1983
1983 1990
1990 1997
1997 2006
2006 2019
2019 2029
2029 2034
2034 2046
2046 2051
2051 2057
2057 2062
2062 2076
2076 2080
2080 2101
2101 2111
2111 2126
2126 2131
2131 2140
2140 2146
2146 2158
2158 2170
2170 2176
2176 2186
2186 2217
2217 2231
2231 2238
2238 2268
2268 2303
2303 2322
2322 2332
2332 2339
2339 2382
2382 2397
2397 2404
2404 2430
2430 2438
2438 2478
2478 2493
2493 2501
2501 2509
2509 2518
2518 2533
2533 2540
2540 2552
2552 2571
2571 2575
2575 2579
2579 2591
2591 2604
2604 2645
2645 2650
2650 2672
2672 2688
2688 2693
2693 2712
2712 2721
2721 2741
2741 2748
2748 2752
2752 2757
2757 2777
2777 2793
2793 2818
2818 2832
2832 2838
2838 2850
2850 2859
2859 2865
2865 2873
2873 2880
2880 2889
2889 2906
2906 2915
2915 2921
2921 2926
2926 2935
2935 2942
2942 2949
2949 2954
2954 2960
2960 2985
2985 2994
2994 3000
3000 3006
3006 3013
3013 3028
3028 3032
3032 3038
3038 3050
3050 3066
3066 3073
3073 3084
3084 3105
3105 3125
3125 3141
3141 3169
3169 3195
3195 3203
3203 3219
3219 3231
3231 3269
3269 3283
3283 3288
3288 3295
3295 3317
3317 3322
3322 3328
3328 3336
3336 3346
3346 3354
3354 3363
3363 3374
3374 3385
3385 3395
3395 3419
3419 3424
3424 3432
3432 3448
3448 3465
3465 3480
3480 3505
3505 3520
3520 3534
3534 3550
3550 3562
3562 3572
3572 3598
3598 3606
3606 3612
3612 3621
3621 3626
3626 3638
3638 3647
3647 3654
3654 3665
3665 3682
3682 3695
3695 3700
3700 3718
3718 3727
3727 3734
3734 3739
3739 3759
3759 3766
3766 3791
3791 3800
3800 3811
3811 3837
3837 3843
3843 3862
3862 3889
3889 3894
3894 3909
3909 3918
3918 3932
3932 3939
3939 3946
3946 3954
3954 3963
3963 3968
3968 3987
3987 3996
3996 4001
4001 4022
4022 4031
4031 4037
4037 4043
4043 4089
4089 4104
4104 4113
4113 4118
4118 4140
4140 4158
4158 4176
4176 4184
4184 4189
4189 4196
4196 4206
4206 4232
4232 4262
4262 4268
4268 4275
4275 4279
4279 4292
4292 4298
4298 4302
4302 4312
4312 4319
4319 4327
4327 4364
4364 4370
4370 4407
4407 4422
4422 4429
4429 4480
4480 4490
4490 4505
4505 4525
4525 4543
4543 4548
4548 4552
4552 4556
4556 4563
4563 4570
4570 4577
4577 4592
4592 4598
4598 4629
4629 4636
4636 4650
4650 4688
4688 4695
4695 4707
4707 4714
4714 4732
4732 4745
4745 4751
4751 4758
4758 4768
4768 4782
4782 4787
4787 4793
4793 4798
4798 4825
4825 4842
4842 4850
4850 4870
4870 4885
4885 4905
4905 4920
4920 4926
4926 4932
4932 4940
4940 4946
4946 4952
4952 4964
4964 4975
4975 4979
4979 4983
4983 4996
4996 5024
5024 5046
5046 5050
5050 5057
5057 5065
5065 5083
5083 5087
5087 5091
5091 5109
5109 5124
5124 5135
5135 5145
5145 5162
5162 5181
5181 5210
5210 5219
5219 5224
5224 5229
5229 5233
5233 5244
5244 5254
5254 5270
5270 5284
5284 5319
5319 5331
5331 5343
5343 5350
5350 5377
5377 5388
5388 5394
5394 5411
5411 5415
5415 5423
5423 5446
5446 5452
5452 5476
5476 5482
5482 5494
5494 5508
5508 5515
5515 5520
5520 5533
5533 5545
5545 5549
5549 5590
5590 5599
5599 5608
5608 5615
5615 5632
5632 5649
5649 5654
5654 5686
5686 5700
5700 5712
5712 5717
5717 5727
5727 5736
5736 5758
5758 5765
5765 5774
5774 5779
5779 5793
5793 5807
5807 5814
5814 5835
5835 5841
5841 5857
5857 5885
5885 5908
5908 5941
5941 5947
5947 5960
5960 5965
5965 6006
6006 6015
6015 6020
6020 6040
6040 6051
6051 6074
6074 6081
6081 6098
6098 6109
6109 6120
6120 6156
6156 6170
6170 6175
6175 6208
6208 6217
6217 6224
6224 6235
6235 6251
6251 6258
6258 6283
6283 6299
6299 6308
6308 6312
6312 6326
6326 6331
6331 6337
6337 6345
6345 6351
6351 6367
6367 6389
6389 6402
6402 6409
6409 6439
6439 6445
6445 6466
6466 6472
6472 6478
6478 6500
6500 6521
6521 6528
6528 6532
6532 6539
6539 6546
6546 6550
6550 6556
6556 6568
6568 6572
6572 6590
6590 6594
6594 6600
6600 6615
6615 6623
6623 6629
6629 6633
6633 6645
6645 6654
6654 6658
6658 6666
6666 6697
6697 6708
6708 6735
6735 6744
6744 6751
6751 6794
6794 6803
6803 6837
6837 6842
6842 6876
6876 6884
6884 6903
6903 6909
6909 6915
6915 6928
6928 6933
6933 6944
6944 6951
6951 6955
6955 6960
6960 6976
6976 6988
6988 6999
6999 7012
7012 7016
7016 7021
7021 7044
7044 7048
7048 7052
7052 7059
7059 7066
7066 7075
7075 7091
7091 7101
7101 7108
7108 7118
7118 7130
7130 7137
7137 7144
7144 7152
7152 7173
7173 7188
7188 7192
7192 7200
7200 7224
7224 7229
7229 7234
7234 7262
7262 7270
7270 7278
7278 7296
7296 7309
7309 7319
7319 7334
7334 7340
7340 7359
7359 7373
7373 7378
7378 7383
7383 7388
7388 7400
7400 7419
7419 7429
7429 7441
7441 7450
7450 7465
7465 7470
7470 7478
7478 7482
7482 7491
7491 7497
7497 7501
7501 7517
7517 7529
7529 7537
7537 7558
7558 7586
7586 7594
7594 7600
7600 7635
7635 7648
7648 7667
7667 7690
7690 7700
7700 7704
7704 7729
7729 7734
7734 7739
7739 7752
7752 7774
7774 7782
7782 7789
7789 7813
7813 7819
7819 7826
7826 7832
7832 7841
7841 7852
7852 7858
7858 7876
7876 7880
7880 7905
7905 7921
7921 7930
7930 7953
7953 7960
7960 7967
7967 7988
7988 7993
7993 7998
7998 8028
8028 8034
8034 8038
8038 8053
8053 8066
8066 8070
8070 8076
8076 8086
8086 8094
8094 8100
8100 8104
8104 8119
8119 8124
8124 8128
8128 8132
8132 8144
8144 8151
8151 8177
8177 8193
8193 8200
8200 8234
8234 8238
8238 8255
8255 8261
8261 8276
8276 8286
8286 8292
8292 8301
8301 8345
8345 8382
8382 8389
8389 8396
8396 8410
8410 8415
8415 8432
8432 8442
8442 8448
8448 8455
8455 8460
8460 8480
8480 8484
8484 8492
8492 8503
8503 8514
8514 8524
8524 8530
8530 8537
8537 8546
8546 8561
8561 8567
8567 8588
8588 8611
8611 8626
8626 8637
8637 8654
8654 8670
8670 8678
8678 8688
8688 8705
8705 8718
8718 8729
8729 8746
8746 8753
8753 8767
8767 8775
8775 8780
8780 8788
8788 8795
8795 8799
8799 8804
8804 8810
8810 8832
8832 8844
8844 8848
8848 8865
8865 8888
8888 8918
8918 8925
8925 8932
8932 8955
8955 8974
8974 8984
8984 9001
9001 9032
9032 9055
9055 9068
9068 9074
9074 9082
9082 9104
9104 9109
9109 9114
9114 9132
9132 9140
9140 9165
9165 9173
9173 9193
9193 9203
9203 9229
9229 9275
9275 9311
9311 9326
9326 9332
9332 9362
9362 9373
9373 9377
9377 9386
9386 9392
9392 9400
9400 9405
9405 9411
9411 9417
9417 9440
9440 9461
9461 9471
9471 9480
9480 9487
9487 9506
9506 9511
9511 9516
9516 9532
9532 9539
9539 9551
9551 9607
9607 9619
9619 9664
9664 9671
9671 9709
9709 9721
9721 9725
9725 9742
9742 9746
9746 9762
9762 9768
9768 9778
9778 9784
9784 9805
9805 9835
9835 9844
9844 9849
9849 9861
9861 9868
9868 9894
9894 9905
9905 9934
9934 9948
9948 9963
9963 9971
9971 10008
10008 10016
10016 10028
10028 10039
10039 10051
10051 10056
10056 10061
10061 10068
10068 10079
10079 10083
10083 10092
10092 10101
10101 10116
10116 10121
10121 10136
10136 10143
10143 10148
10148 10154
10154 10159
10159 10164
10164 10169
10169 10179
10179 10210
10210 10238
10238 10245
10245 10267
10267 10276
10276 10295
10295 10304
10304 10309
10309 10320
10320 10332
10332 10339
10339 10374
10374 10381
10381 10391
10391 10402
10402 10418
10418 10434
10434 10446
10446 10460
10460 10501
10501 10509
10509 10519
10519 10529
10529 10550
10550 10554
10554 10587
10587 10592
10592 10598
10598 10603
10603 10622
10622 10689
10689 10694
10694 10703
10703 10707
10707 10713
10713 10738
10738 10743
10743 10750
10750 10758
10758 10770
10770 10778
10778 10787
10787 10796
10796 10802
10802 10826
10826 10837
10837 10854
10854 10879
10879 10886
10886 10952
10952 10971
10971 10980
10980 10997
10997 11014
11014 11027
11027 11038
11038 11057
11057 11065
11065 11081
11081 11098
11098 11108
11108 11112
11112 11126
11126 11134
11134 11141
11141 11145
11145 11168
11168 11185
11185 11216
11216 11234
11234 11261
11261 11277
11277 11284
11284 11293
11293 11302
11302 11311
11311 11327
11327 11353
11353 11359
11359 11373
11373 11388
11388 11395
11395 11399
11399 11404
11404 11420
11420 11440
11440 11446
11446 11454
11454 11459
11459 11468
11468 11479
11479 11510
11510 11520
11520 11567
11567 11577
11577 11582
11582 11590
11590 11599
11599 11606
11606 11611
11611 11625
11625 11658
11658 11662
11662 11670
11670 11684
11684 11702
11702 11708
11708 11714
11714 11719
11719 11726
11726 11746
11746 11753
11753 11772
11772 11782
11782 11787
11787 11800
11800 11805
11805 11821
11821 11854
11854 11864
11864 11869
11869 11894
11894 11902
11902 11911
11911 11921
11921 11932
11932 11941
11941 11952
11952 11958
11958 11973
11973 11992
11992 11998
11998 12015
12015 12043
12043 12072
12072 12081
12081 12086
12086 12091
12091 12101
12101 12106
12106 12112
12112 12118
12118 12123
12123 12129
12129 12139
12139 12149
12149 12185
12185 12198
12198 12225
12225 12242
12242 12252
12252 12257
12257 12281
12281 12288
12288 12299
12299 12319
12319 12324
12324 12339
12339 12354
12354 12365
12365 12377
12377 12382
12382 12387
12387 12397
12397 12404
12404 12424
12424 12433
12433 12450
12450 12456
12456 12464
12464 12468
12468 12476
12476 12492
12492 12502
12502 12533
12533 12578
12578 12611
12611 12632
12632 12644
12644 12656
12656 12667
12667 12674
12674 12687
12687 12701
12701 12712
12712 12717
12717 12725
12725 12732
12732 12737
12737 12746
12746 12759
12759 12784
12784 12805
12805 12809
12809 12814
12814 12819
12819 12827
12827 12831
12831 12837
12837 12845
12845 12849
12849 12861
12861 12880
12880 12927
12927 12936
12936 12950
12950 12963
12963 12975
12975 12987
12987 13009
13009 13017
13017 13023
13023 13031
13031 13043
13043 13051
13051 13057
13057 13075
13075 13090
13090 13104
13104 13113
13113 13122
13122 13128
13128 13139
13139 13143
13143 13175
13175 13212
13212 13231
13231 13239
13239 13268
13268 13274
13274 13297
13297 13304
13304 13309
13309 13314
13314 13325
13325 13336
13336 13347
13347 13352
13352 13360
13360 13364
13364 13386
13386 13416
13416 13424
13424 13431
13431 13453
13453 13457
13457 13484
13484 13512
13512 13517
13517 13530
13530 13535
13535 13561
13561 13565
13565 13589
13589 13594
13594 13600
13600 13608
13608 13623
13623 13633
13633 13642
13642 13668
13668 13683
13683 13690
13690 13697
13697 13718
13718 13749
13749 13771
13771 13775
13775 13791
13791 13807
13807 13818
13818 13824
13824 13841
13841 13845
13845 13862
13862 13878
13878 13882
13882 13893
13893 13925
13925 13942
13942 13968
13968 13974
13974 13985
13985 13989
13989 13994
13994 14005
14005 14014
14014 14024
14024 14035
14035 14063
14063 14070
14070 14077
14077 14084
14084 14095
14095 14104
14104 14109
14109 14128
14128 14168
14168 14179
14179 14185
14185 14246
14246 14254
14254 14269
14269 14290
14290 14296
14296 14301
14301 14309
14309 14321
14321 14340
14340 14345
14345 14349
14349 14359
14359 14364
14364 14370
14370 14378
14378 14395
14395 14403
14403 14422
14422 14429
14429 14437
14437 14497
14497 14561
14561 14582
14582 14598
14598 14603
14603 14610
14610 14620
14620 14626
14626 14646
14646 14651
14651 14660
14660 14688
14688 14693
14693 14704
14704 14728
14728 14749
14749 14757
14757 14762
14762 14847
14847 14856
14856 14876
14876 14885
14885 14897
14897 14911
14911 14916
14916 14936
14936 14948
14948 14960
14960 14964
14964 14974
14974 14981
14981 15003
15003 15018
15018 15025
15025 15031
15031 15042
15042 15065
15065 15071
15071 15078
15078 15091
15091 15133
15133 15160
15160 15167
15167 15173
15173 15180
15180 15213
15213 15247
15247 15255
15255 15264
15264 15284
15284 15298
15298 15315
15315 15337
15337 15341
15341 15372
15372 15378
15378 15385
15385 15397
15397 15432
15432 15439
15439 15492
15492 15504
15504 15510
15510 15520
15520 15528
15528 15533
15533 15540
15540 15546
15546 15553
15553 15575
15575 15605
15605 15616
15616 15624
15624 15630
15630 15642
15642 15685
15685 15691
15691 15699
15699 15714
15714 15726
15726 15791
15791 15795
15795 15801
15801 15808
15808 15826
15826 15835
15835 15848
15848 15857
15857 15864
15864 15884
15884 15889
15889 15908
15908 15921
15921 15926
15926 15939
15939 15953
15953 15959
15959 15964
15964 15984
15984 15992
15992 16032
16032 16046
16046 16057
16057 16061
16061 16066
16066 16074
16074 16086
16086 16102
16102 16118
16118 16131
16131 16135
16135 16164
16164 16175
16175 16191
16191 16196
16196 16224
16224 16228
16228 16248
16248 16259
16259 16264
16264 16270
16270 16275
16275 16293
16293 16312
16312 16317
16317 16335
16335 16345
16345 16367
16367 16382
16382 16386
16386 16406
16406 16442
16442 16450
16450 16479
16479 16483
16483 16538
16538 16551
16551 16557
16557 16565
16565 16574
16574 16586
16586 16598
16598 16609
16609 16630
16630 16656
16656 16670
16670 16698
16698 16712
16712 16717
16717 16725
16725 16745
16745 16762
16762 16780
16780 16808
16808 16840
16840 16877
16877 16897
16897 16906
16906 16921
16921 16941
16941 16962
16962 16980
16980 16989
16989 17016
17016 17033
17033 17048
17048 17052
17052 17059
17059 17064
17064 17071
17071 17076
17076 17083
17083 17097
17097 17120
17120 17127
17127 17137
17137 17148
17148 17155
17155 17165
17165 17176
17176 17182
17182 17186
17186 17190
17190 17201
17201 17208
17208 17212
17212 17231
17231 17236
17236 17246
17246 17259
17259 17275
17275 17304
17304 17320
17320 17325
17325 17344
17344 17351
17351 17386
17386 17392
17392 17411
17411 17419
17419 17437
17437 17442
17442 17447
17447 17471
17471 17486
17486 17504
17504 17526
17526 17550
17550 17586
17586 17592
17592 17599
17599 17649
17649 17671
17671 17686
17686 17722
17722 17735
17735 17770
17770 17776
17776 17818
17818 17822
17822 17835
17835 17842
17842 17858
17858 17862
17862 17867
17867 17882
17882 17894
17894 17906
17906 17916
17916 17947
17947 17993
17993 18009
18009 18015
18015 18028
18028 18050
18050 18115
18115 18130
18130 18139
18139 18174
18174 18181
18181 18188
18188 18209
18209 18229
18229 18234
18234 18241
18241 18262
18262 18281
18281 18289
18289 18352
18352 18359
18359 18379
18379 18388
18388 18392
18392 18425
18425 18433
18433 18451
18451 18459
18459 18469
18469 18493
18493 18499
18499 18517
18517 18525
18525 18555
18555 18563
18563 18591
18591 18618
18618 18627
18627 18661
18661 18678
18678 18683
18683 18709
18709 18719
18719 18736
18736 18740
18740 18763
18763 18770
18770 18780
18780 18787
18787 18796
18796 18802
18802 18826
18826 18842
18842 18847
18847 18852
18852 18858
18858 18867
18867 18880
18880 18900
18900 18927
18927 18945
18945 18950
18950 18968
18968 18976
18976 18985
18985 18996
18996 19003
19003 19009
19009 19025
19025 19033
19033 19043
19043 19056
19056 19067
19067 19091
19091 19097
19097 19102
19102 19110
19110 19122
19122 19133
19133 19138
19138 19150
19150 19175
19175 19187
19187 19203
19203 19220
19220 19235
19235 19249
19249 19270
19270 19279
19279 19284
19284 19295
19295 19330
19330 19337
19337 19344
19344 19354
19354 19365
19365 19372
19372 19382
19382 19391
19391 19417
19417 19425
19425 19445
19445 19456
19456 19477
19477 19494
19494 19528
19528 19533
19533 19539
19539 19546
19546 19568
19568 19580
19580 19585
19585 19594
19594 19614
19614 19623
19623 19630
19630 19643
19643 19654
19654 19671
19671 19700
19700 19711
19711 19723
19723 19734
19734 19740
19740 19754
19754 19761
19761 19781
19781 19812
19812 19830
19830 19854
19854 19862
19862 19870
19870 19879
19879 19887
19887 19900
19900 19910
19910 19926
19926 19953
19953 19959
19959 19966
19966 19992
19992 20003
20003 20011
20011 20025
20025 20048
20048 20063
20063 20067
20067 20089
20089 20117
20117 20129
20129 20140
20140 20166
20166 20178
20178 20189
20189 20195
20195 20201
20201 20206
20206 20225
20225 20233
20233 20244
20244 20270
20270 20295
20295 20315
20315 20321
20321 20333
20333 20337
20337 20342
20342 20364
20364 20377
20377 20384
20384 20413
20413 20429
20429 20439
20439 20453
20453 20461
20461 20467
20467 20500
20500 20504
20504 20511
20511 20520
20520 20530
20530 20534
20534 20558
20558 20573
20573 20596
20596 20602
20602 20606
20606 20610
20610 20624
20624 20662
20662 20668
20668 20680
20680 20699
20699 20712
20712 20724
20724 20748
20748 20760
20760 20773
20773 20785
20785 20803
20803 20809
20809 20816
20816 20826
20826 20835
20835 20841
20841 20846
20846 20863
20863 20868
20868 20894
20894 20923
20923 20954
20954 20963
20963 20977
20977 21013
21013 21027
21027 21036
21036 21040
21040 21051
21051 21060
21060 21085
21085 21093
21093 21099
21099 21112
21112 21117
21117 21125
21125 21143
21143 21158
21158 21164
21164 21169
21169 21177
21177 21185
21185 21198
21198 21207
21207 21216
21216 21221
21221 21241
21241 21255
21255 21259
21259 21281
21281 21287
21287 21292
21292 21319
21319 21335
21335 21351
21351 21358
21358 21363
21363 21391
21391 21440
21440 21452
21452 21470
21470 21475
21475 21483
21483 21526
21526 21552
21552 21562
21562 21568
21568 21573
21573 21581
21581 21594
21594 21605
21605 21629
21629 21636
21636 21652
21652 21657
21657 21663
21663 21667
21667 21678
21678 21688
21688 21716
21716 21724
21724 21735
21735 21743
21743 21754
21754 21760
21760 21765
21765 21782
21782 21804
21804 21808
21808 21815
21815 21825
21825 21845
21845 21882
21882 21895
21895 21901
21901 21922
21922 21928
21928 21934
21934 21941
21941 21954
21954 21964
21964 21969
21969 21994
21994 22015
22015 22039
22039 22052
22052 22057
22057 22072
22072 22076
22076 22090
22090 22100
22100 22121
22121 22134
22134 22142
22142 22154
22154 22166
22166 22177
22177 22183
22183 22188
22188 22200
22200 22224
22224 22233
22233 22246
22246 22254
22254 22258
22258 22266
22266 22278
22278 22287
22287 22292
22292 22307
22307 22315
22315 22320
22320 22335
22335 22341
22341 22361
22361 22371
22371 22376
22376 22387
22387 22391
22391 22400
22400 22409
22409 22416
22416 22430
22430 22435
22435 22448
22448 22454
22454 22459
22459 22464
22464 22482
22482 22490
22490 22497
22497 22507
22507 22512
22512 22526
22526 22536
22536 22548
22548 22553
22553 22560
22560 22568
22568 22578
22578 22600
22600 22605
22605 22612
22612 22628
22628 22633
22633 22637
22637 22642
22642 22664
22664 22673
22673 22698
22698 22703
22703 22718
22718 22739
22739 22745
22745 22751
22751 22757
22757 22765
22765 22769
22769 22805
22805 22809
22809 22813
22813 22825
22825 22837
22837 22844
22844 22851
22851 22857
22857 22871
22871 22876
22876 22886
22886 22891
22891 22900
22900 22936
22936 22942
22942 22954
22954 22961
22961 22978
22978 22994
22994 23002
23002 23031
23031 23035
23035 23041
23041 23070
23070 23082
23082 23098
23098 23104
23104 23120
23120 23133
23133 23144
23144 23149
23149 23156
23156 23164
23164 23168
23168 23176
23176 23183
23183 23193
23193 23207
23207 23221
23221 23240
23240 23254
23254 23261
23261 23276
23276 23300
23300 23310
23310 23338
23338 23343
23343 23351
23351 23361
23361 23368
23368 23385
23385 23400
23400 23409
23409 23416
23416 23430
23430 23437
23437 23442
23442 23451
23451 23468
23468 23473
23473 23483
23483 23488
23488 23495
23495 23503
23503 23521
23521 23528
23528 23537
23537 23549
23549 23585
23585 23629
23629 23638
23638 23647
23647 23656
23656 23675
23675 23686
23686 23693
23693 23710
23710 23735
23735 23743
23743 23753
23753 23772
23772 23785
23785 23802
23802 23809
23809 23815
23815 23824
23824 23831
23831 23837
23837 23843
23843 23851
23851 23892
23892 23915
23915 23920
23920 23924
23924 23928
23928 23970
23970 23975
23975 24002
24002 24025
24025 24029
24029 24043
24043 24048
24048 24058
24058 24075
24075 24083
24083 24090
24090 24096
24096 24112
24112 24120
24120 24130
24130 24135
24135 24158
24158 24164
24164 24176
24176 24180
24180 24196
24196 24214
24214 24228
24228 24236
24236 24260
24260 24264
24264 24273
24273 24281
24281 24288
24288 24322
24322 24338
24338 24355
24355 24375
24375 24384
24384 24416
24416 24427
24427 24436
24436 24455
24455 24459
24459 24466
24466 24473
24473 24477
24477 24483
24483 24520
24520 24526
24526 24548
24548 24571
24571 24595
24595 24606
24606 24613
24613 24634
24634 24658
24658 24667
24667 24676
24676 24697
24697 24701
24701 24715
24715 24719
24719 24728
24728 24733
24733 24749
24749 24759
24759 24770
24770 24778
24778 24804
24804 24820
24820 24859
24859 24866
24866 24887
24887 24892
24892 24899
24899 24917
24917 24925
24925 24948
24948 24970
24970 24981
24981 25006
25006 25012
25012 25020
25020 25027
25027 25035
25035 25050
25050 25076
25076 25095
25095 25122
25122 25132
25132 25137
25137 25147
25147 25155
25155 25159
25159 25168
25168 25176
25176 25186
25186 25198
25198 25202
25202 25206
25206 25214
25214 25227
25227 25231
25231 25244
25244 25253
25253 25264
25264 25273
25273 25309
25309 25316
25316 25324
25324 25330
25330 25335
25335 25342
25342 25347
25347 25382
25382 25387
25387 25395
25395 25414
25414 25421
25421 25441
25441 25447
25447 25456
25456 25471
25471 25481
25481 25486
25486 25490
25490 25494
25494 25498
25498 25505
25505 25511
25511 25534
25534 25538
25538 25563
25563 25596
25596 25600
25600 25609
25609 25615
25615 25619
25619 25625
25625 25632
25632 25642
25642 25651
25651 25657
25657 25677
25677 25683
25683 25693
25693 25697
25697 25702
25702 25721
25721 25726
25726 25740
25740 25747
25747 25795
25795 25825
25825 25842
25842 25850
25850 25860
25860 25865
25865 25880
25880 25884
25884 25888
25888 25894
25894 25919
25919 25925
25925 25929
25929 25939
25939 25960
25960 25972
25972 25977
25977 25983
25983 25992
25992 26002
26002 26020
26020 26024
26024 26029
26029 26047
26047 26052
26052 26057
26057 26063
26063 26070
26070 26076
26076 26084
26084 26103
26103 26113
26113 26117
26117 26121
26121 26126
26126 26147
26147 26154
26154 26193
26193 26199
26199 26268
26268 26278
26278 26283
26283 26288
26288 26312
26312 26340
26340 26348
26348 26368
26368 26405
26405 26411
26411 26420
26420 26428
26428 26434
26434 26441
26441 26458
26458 26469
26469 26476
26476 26481
26481 26486
26486 26501
26501 26520
26520 26527
26527 26541
26541 26550
26550 26556
26556 26564
26564 26573
26573 26593
26593 26600
26600 26605
26605 26615
26615 26637
26637 26646
26646 26656
26656 26663
26663 26678
26678 26684
26684 26692
26692 26700
26700 26711
26711 26719
26719 26731
26731 26764
26764 26781
26781 26794
26794 26801
26801 26808
26808 26833
26833 26838
26838 26844
26844 26852
26852 26858
26858 26866
26866 26907
26907 26918
26918 26929
26929 26940
26940 26952
26952 26980
26980 26997
26997 27002
27002 27017
27017 27032
27032 27062
27062 27068
27068 27073
27073 27087
27087 27098
27098 27108
27108 27115
27115 27123
27123 27157
27157 27165
27165 27175
27175 27186
27186 27194
27194 27200
27200 27208
27208 27214
27214 27225
27225 27243
27243 27252
27252 27260
27260 27271
27271 27281
27281 27288
27288 27336
27336 27342
27342 27354
27354 27373
27373 27378
27378 27383
27383 27387
27387 27393
27393 27398
27398 27410
27410 27446
27446 27459
27459 27463
27463 27488
27488 27495
27495 27512
27512 27527
27527 27536
27536 27544
27544 27556
27556 27564
27564 27608
27608 27613
27613 27636
27636 27645
27645 27666
27666 27686
27686 27699
27699 27705
27705 27712
27712 27720
27720 27733
27733 27739
27739 27772
27772 27787
27787 27818
27818 27826
27826 27832
27832 27849
27849 27855
27855 27881
27881 27920
27920 27925
27925 27949
27949 27962
27962 27969
27969 27974
27974 27980
27980 27989
27989 27994
27994 28008
28008 28028
28028 28039
28039 28073
28073 28078
28078 28083
28083 28096
28096 28105
28105 28110
28110 28120
28120 28132
28132 28136
28136 28144
28144 28161
28161 28179
28179 28185
28185 28206
28206 28223
28223 28245
28245 28254
28254 28292
28292 28297
28297 28304
28304 28332
28332 28340
28340 28361
28361 28366
28366 28375
28375 28417
28417 28423
28423 28429
28429 28468
28468 28476
28476 28484
28484 28491
28491 28506
28506 28530
28530 28541
28541 28549
28549 28563
28563 28576
28576 28582
28582 28591
28591 28606
28606 28610
28610 28618
28618 28623
28623 28644
28644 28655
28655 28680
28680 28692
28692 28697
28697 28702
28702 28714
28714 28718
28718 28723
28723 28737
28737 28747
28747 28753
28753 28768
28768 28772
28772 28798
28798 28806
28806 28818
28818 28849
28849 28862
28862 28868
28868 28881
28881 28886
28886 28896
28896 28901
28901 28906
28906 28913
28913 28946
28946 28956
28956 28965
28965 28971
28971 28980
28980 29019
29019 29025
29025 29034
29034 29048
29048 29057
29057 29084
29084 29106
29106 29126
29126 29136
29136 29161
29161 29168
29168 29176
29176 29181
29181 29188
29188 29232
29232 29236
29236 29241
29241 29249
29249 29273
29273 29282
29282 29306
29306 29312
29312 29316
29316 29323
29323 29331
29331 29336
29336 29346
29346 29351
29351 29364
29364 29369
29369 29399
29399 29415
29415 29425
29425 29430
29430 29437
29437 29447
29447 29454
29454 29495
29495 29514
29514 29568
29568 29575
29575 29582
29582 29617
29617 29623
29623 29640
29640 29649
29649 29654
29654 29670
29670 29686
29686 29704
29704 29708
29708 29716
29716 29722
29722 29730
29730 29740
29740 29749
29749 29770
29770 29782
29782 29796
29796 29807
29807 29812
29812 29816
29816 29823
29823 29832
29832 29839
29839 29847
29847 29853
29853 29862
29862 29867
29867 29880
29880 29898
29898 29908
29908 29916
29916 29922
29922 29942
29942 29967
29967 29985
29985 29997
29997 30005
30005 30014
30014 30021
30021 30025
30025 30047
30047 30056
30056 30065
30065 30071
30071 30086
30086 30093
30093 30100
30100 30120
30120 30129
30129 30135
30135 30143
30143 30155
30155 30164
30164 30176
30176 30196
30196 30203
30203 30208
30208 30219
30219 30239
30239 30257
30257 30266
30266 30277
30277 30287
30287 30302
30302 30319
30319 30352
30352 30373
30373 30388
30388 30402
30402 30407
30407 30418
30418 30432
30432 30438
30438 30458
30458 30491
30491 30500
30500 30508
30508 30518
30518 30527
30527 30536
30536 30549
30549 30559
30559 30563
30563 30580
30580 30589
30589 30595
30595 30601
30601 30611
30611 30617
30617 30622
30622 30637
30637 30668
30668 30675
30675 30684
30684 30690
30690 30698
30698 30707
30707 30728
30728 30737
30737 30744
30744 30748
30748 30755
30755 30767
30767 30784
30784 30795
30795 30807
30807 30811
30811 30819
30819 30829
30829 30835
30835 30850
30850 30863
30863 30867
30867 30881
30881 30887
30887 30916
30916 30923
30923 30928
30928 30953
30953 30969
30969 30975
30975 30988
30988 31002
31002 31031
31031 31049
31049 31055
31055 31062
31062 31068
31068 31078
31078 31093
31093 31103
31103 31126
31126 31131
31131 31160
31160 31169
31169 31215
31215 31251
31251 31274
31274 31281
31281 31287
31287 31292
31292 31315
31315 31335
31335 31341
31341 31351
31351 31361
31361 31370
31370 31384
31384 31389
31389 31399
31399 31446
31446 31452
31452 31470
31470 31475
31475 31487
31487 31525
31525 31534
31534 31540
31540 31577
31577 31588
31588 31611
31611 31619
31619 31637
31637 31644
31644 31668
31668 31677
31677 31692
31692 31698
31698 31743
31743 31748
31748 31753
31753 31758
31758 31765
31765 31778
31778 31783
31783 31801
31801 31813
31813 31821
31821 31827
31827 31839
31839 31859
31859 31867
31867 31876
31876 31881
31881 31899
31899 31920
31920 31931
31931 31935
31935 31945
31945 31950
31950 31963
31963 31973
31973 31981
31981 31991
31991 32017
32017 32031
32031 32037
32037 32056
32056 32063
32063 32072
32072 32076
32076 32097
32097 32107
32107 32117
32117 32128
32128 32134
32134 32143
32143 32148
32148 32172
32172 32188
32188 32229
32229 32236
32236 32250
32250 32265
32265 32271
32271 32278
32278 32288
32288 32304
32304 32319
32319 32323
32323 32347
32347 32359
32359 32368
32368 32372
32372 32379
32379 32385
32385 32389
32389 32397
32397 32402
32402 32410
32410 32423
32423 32456
32456 32461
32461 32484
32484 32506
32506 32514
32514 32539
32539 32561
32561 32568
32568 32584
32584 32591
32591 32600
32600 32635
32635 32652
32652 32657
32657 32669
32669 32700
32700 32708
32708 32726
32726 32731
32731 32742
32742 32752
32752 32761
32761 32768
32768 32790
32790 32805
32805 32826
32826 32831
32831 32853
32853 32872
32872 32877
32877 32912
32912 32923
32923 32933
32933 32945
32945 32950
32950 32958
32958 32965
32965 32987
32987 32993
32993 32997
32997 33003
33003 33025
33025 33056
33056 33064
33064 33074
33074 33081
33081 33120
33120 33143
33143 33152
33152 33160
33160 33169
33169 33177
33177 33184
33184 33191
33191 33204
33204 33229
33229 33233
33233 33240
33240 33245
33245 33255
33255 33271
33271 33294
33294 33314
33314 33324
33324 33349
33349 33364
33364 33368
33368 33374
33374 33379
33379 33386
33386 33404
33404 33411
33411 33417
33417 33447
33447 33457
33457 33475
33475 33493
33493 33500
33500 33506
33506 33529
33529 33557
33557 33565
33565 33625
33625 33639
33639 33669
33669 33673
33673 33690
33690 33695
33695 33714
33714 33743
33743 33754
33754 33761
33761 33765
33765 33789
33789 33793
33793 33805
33805 33818
33818 33826
33826 33868
33868 33891
33891 33902
33902 33951
33951 33959
33959 33972
33972 33990
33990 34047
34047 34052
34052 34057
34057 34068
34068 34073
34073 34085
34085 34089
34089 34113
34113 34134
34134 34140
34140 34171
34171 34175
34175 34211
34211 34245
34245 34255
34255 34260
34260 34267
34267 34276
34276 34285
34285 34290
34290 34295
34295 34302
34302 34313
34313 34318
34318 34346
34346 34353
34353 34376
34376 34387
34387 34397
34397 34409
34409 34417
34417 34431
34431 34438
34438 34446
34446 34452
34452 34458
34458 34472
34472 34479
34479 34492
34492 34513
34513 34522
34522 34533
34533 34547
34547 34566
34566 34576
34576 34603
34603 34612
34612 34666
34666 34690
34690 34697
34697 34701
34701 34706
34706 34730
34730 34738
34738 34746
34746 34775
34775 34782
34782 34790
34790 34798
34798 34821
34821 34861
34861 34885
34885 34893
34893 34898
34898 34905
34905 34920
34920 34945
34945 34974
34974 35001
35001 35006
35006 35019
35019 35026
35026 35054
35054 35062
35062 35071
35071 35081
35081 35087
35087 35100
35100 35118
35118 35125
35125 35132
35132 35139
35139 35147
35147 35152
35152 35158
35158 35190
35190 35202
35202 35222
35222 35228
35228 35261
35261 35269
35269 35283
35283 35309
35309 35316
35316 35324
35324 35343
35343 35382
35382 35424
35424 35447
35447 35463
35463 35468
35468 35489
35489 35518
35518 35533
35533 35538
35538 35554
35554 35566
35566 35574
35574 35581
35581 35586
35586 35611
35611 35615
35615 35621
35621 35629
35629 35633
35633 35643
35643 35661
35661 35672
35672 35688
35688 35701
35701 35710
35710 35715
35715 35724
35724 35730
35730 35752
35752 35761
35761 35792
35792 35807
35807 35832
35832 35840
35840 35870
35870 35876
35876 35884
35884 35890
35890 35920
35920 35929
35929 35945
35945 35953
35953 35973
35973 35983
35983 35988
35988 35995
35995 36022
36022 36053
36053 36058
36058 36091
36091 36097
36097 36122
36122 36134
36134 36183
36183 36189
36189 36194
36194 36201
36201 36215
36215 36237
36237 36243
36243 36253
36253 36288
36288 36301
36301 36313
36313 36318
36318 36332
36332 36336
36336 36347
36347 36351
36351 36360
36360 36369
36369 36373
36373 36388
36388 36395
36395 36415
36415 36424
36424 36432
36432 36449
36449 36454
36454 36483
36483 36489
36489 36501
36501 36508
36508 36512
36512 36540
36540 36555
36555 36602
36602 36607
36607 36617
36617 36636
36636 36654
36654 36675
36675 36723
36723 36739
36739 36750
36750 36756
36756 36761
36761 36765
36765 36788
36788 36792
36792 36809
36809 36836
36836 36848
36848 36872
36872 36878
36878 36896
36896 36911
36911 36936
36936 36943
36943 36963
36963 36984
36984 36988
36988 36998
36998 37022
37022 37050
37050 37054
37054 37074
37074 37081
37081 37090
37090 37110
37110 37125
37125 37144
37144 37170
37170 37179
37179 37192
37192 37204
37204 37218
37218 37228
37228 37237
37237 37243
37243 37247
37247 37257
37257 37265
37265 37270
37270 37300
37300 37317
37317 37324
37324 37344
37344 37350
37350 37363
37363 37372
37372 37382
37382 37395
37395 37409
37409 37417
37417 37436
37436 37443
37443 37460
37460 37464
37464 37470
37470 37478
37478 37495
37495 37510
37510 37515
37515 37520
37520 37544
37544 37550
37550 37560
37560 37565
37565 37577
37577 37588
37588 37600
37600 37618
37618 37622
37622 37633
37633 37637
37637 37658
37658 37664
37664 37675
37675 37683
37683 37709
37709 37719
37719 37727
37727 37747
37747 37766
37766 37778
37778 37786
37786 37796
37796 37826
37826 37847
37847 37864
37864 37868
37868 37892
37892 37905
37905 37913
37913 37926
37926 37930
37930 37934
37934 37945
37945 37950
37950 37972
37972 37992
37992 37996
37996 38003
38003 38007
38007 38011
38011 38022
38022 38031
38031 38041
38041 38047
38047 38052
38052 38077
38077 38088
38088 38112
38112 38130
38130 38138
38138 38143
38143 38148
38148 38161
38161 38167
38167 38172
38172 38176
38176 38181
38181 38209
38209 38216
38216 38223
38223 38237
38237 38241
38241 38276
38276 38292
38292 38297
38297 38306
38306 38314
38314 38320
38320 38326
38326 38338
38338 38343
38343 38348
38348 38363
38363 38371
38371 38380
38380 38386
38386 38392
38392 38421
38421 38430
38430 38448
38448 38464
38464 38468
38468 38483
38483 38500
38500 38517
38517 38544
38544 38582
38582 38591
38591 38596
38596 38601
38601 38612
38612 38621
38621 38628
38628 38636
38636 38646
38646 38660
38660 38673
38673 38681
38681 38687
38687 38696
38696 38713
38713 38718
38718 38725
38725 38733
38733 38746
38746 38757
38757 38776
38776 38781
38781 38791
38791 38803
38803 38819
38819 38829
38829 38834
38834 38839
38839 38851
38851 38869
38869 38883
38883 38895
38895 38902
38902 38921
38921 38926
38926 38932
38932 38960
38960 38965
38965 38975
38975 38990
38990 39003
39003 39009
39009 39029
39029 39041
39041 39051
39051 39058
39058 39062
39062 39092
39092 39130
39130 39151
39151 39156
39156 39162
39162 39180
39180 39187
39187 39202
39202 39208
39208 39233
39233 39238
39238 39243
39243 39248
39248 39254
39254 39268
39268 39272
39272 39291
39291 39308
39308 39320
39320 39338
39338 39353
39353 39357
39357 39364
39364 39371
39371 39376
39376 39384
39384 39396
39396 39402
39402 39417
39417 39421
39421 39430
39430 39435
39435 39451
39451 39456
39456 39472
39472 39481
39481 39494
39494 39507
39507 39512
39512 39518
39518 39538
39538 39545
39545 39568
39568 39589
39589 39603
39603 39608
39608 39628
39628 39638
39638 39645
39645 39655
39655 39669
39669 39677
39677 39686
39686 39700
39700 39715
39715 39720
39720 39736
39736 39743
39743 39750
39750 39757
39757 39763
39763 39772
39772 39780
39780 39787
39787 39796
39796 39800
