0 24
24 38
38 94
94 121
121 129
129 135
135 148
148 159
159 182
182 187
187 206
206 212
212 220
220 255
255 267
267 280
280 287
287 308
308 313
313 342
342 362
362 377
377 386
386 392
392 398
398 409
409 426
426 441
441 461
461 481
481 490
490 497
497 504
504 513
513 523
523 534
534 556
556 570
570 578
578 593
593 601
601 607
607 626
626 633
633 652
652 701
701 712
712 736
736 746
746 757
757 770
770 777
777 789
789 816
816 831
831 842
842 849
849 854
854 863
863 872
872 897
897 905
905 919
919 928
928 950
950 959
959 968
968 979
979 991
991 1008
1008 1037
1037 1041
1041 1065
1065 1073
1073 1079
1079 1092
1092 1100
1100 1105
1105 1111
1111 1121
1121 1127
1127 1133
1133 1186
1186 1190
1190 1195
1195 1204
1204 1210
1210 1226
1226 1237
1237 1253
1253 1261
1261 1265
1265 1271
1271 1281
1281 1295
1295 1331
1331 1343
1343 1347
1347 1364
1364 1368
1368 1377
1377 1387
1387 1412
1412 1432
1432 1441
1441 1449
1449 1457
1457 1467
1467 1481
1481 1488
1488 1492
1492 1513
1513 1518
1518 1532
1532 1542
1542 1550
1550 1557
1557 1563
1563 1585
1585 1595
1595 1606
1606 1637
1637 1645
1645 1678
1678 1685
1685 1697
1697 1709
1709 1713
1713 1719
1719 1758
1758 1785
1785 1799
1799 1808
1808 1820
1820 1825
1825 1833
1833 1846
1846 1851
1851 1857
1857 1871
1871 1888
1888 1905
1905 1913
1913 1919
1919 1930
1930 1937
1937 1944
1944 1949
1949 1955
1955 1964
1964 1970
1970 1981
1981 1997
1997 2002
2002 2028
2028 2033
2033 2047
2047 2068
2068 2094
2094 2109
2109 2127
2127 2132
2132 2142
2142 2155
2155 2165
2165 2176
2176 2180
2180 2188
2188 2219
2219 2227
2227 2249
2249 2261
2261 2272
2272 2278
2278 2286
2286 2311
2311 2318
2318 2326
2326 2339
2339 2349
2349 2376
2376 2398
2398 2421
2421 2429
2429 2464
2464 2482
2482 2490
2490 2508
2508 2516
2516 2524
2524 2533
2533 2537
2537 2548
2548 2576
2576 2589
2589 2594
2594 2599
2599 2609
2609 2617
2617 2639
2639 2648
2648 2662
2662 2691
2691 2725
2725 2733
2733 2748
2748 2756
2756 2782
2782 2788
2788 2793
2793 2799
2799 2804
2804 2809
2809 2825
2825 2835
2835 2846
2846 2857
2857 2866
2866 2878
2878 2885
2885 2891
2891 2903
2903 2928
2928 2932
2932 2937
2937 2943
2943 2967
2967 2972
2972 2985
2985 2990
2990 2996
2996 3004
3004 3009
3009 3031
3031 3040
3040 3046
3046 3071
3071 3077
3077 3095
3095 3118
3118 3125
3125 3138
3138 3149
3149 3163
3163 3168
3168 3192
3192 3205
3205 3210
3210 3216
3216 3225
3225 3266
3266 3283
3283 3321
3321 3326
3326 3331
3331 3336
3336 3347
3347 3356
3356 3361
3361 3406
3406 3418
3418 3425
3425 3432
3432 3441
3441 3455
3455 3461
3461 3470
3470 3476
3476 3483
3483 3491
3491 3500
3500 3504
3504 3512
3512 3517
3517 3526
3526 3534
3534 3540
3540 3551
3551 3565
3565 3580
3580 3600
3600 3621
3621 3637
3637 3643
3643 3653
3653 3658
3658 3664
3664 3679
3679 3686
3686 3691
3691 3696
3696 3706
3706 3717
3717 3725
3725 3734
3734 3743
3743 3762
3762 3767
3767 3774
3774 3780
3780 3799
3799 3811
3811 3828
3828 3835
3835 3842
3842 3855
3855 3864
3864 3890
3890 3904
3904 3912
3912 3943
3943 3949
3949 3965
3965 3979
3979 3999
3999 4003
4003 4010
4010 4017
4017 4029
4029 4037
4037 4046
4046 4052
4052 4062
4062 4071
4071 4083
4083 4090
4090 4106
4106 4110
4110 4119
4119 4126
4126 4134
4134 4151
4151 4169
4169 4179
4179 4194
4194 4199
4199 4210
4210 4220
4220 4231
4231 4242
4242 4261
4261 4276
4276 4308
4308 4317
4317 4334
4334 4345
4345 4352
4352 4364
4364 4389
4389 4413
4413 4428
4428 4439
4439 4445
4445 4452
4452 4457
4457 4463
4463 4471
4471 4482
4482 4497
4497 4503
4503 4508
4508 4516
4516 4526
4526 4538
4538 4554
4554 4565
4565 4569
4569 4585
4585 4591
4591 4601
4601 4616
4616 4626
4626 4630
4630 4640
4640 4653
4653 4666
4666 4671
4671 4675
4675 4696
4696 4710
4710 4727
4727 4732
4732 4738
4738 4757
4757 4764
4764 4784
4784 4795
4795 4806
4806 4825
4825 4834
4834 4839
4839 4844
4844 4873
4873 4877
4877 4883
4883 4888
4888 4896
4896 4920
4920 4927
4927 4941
4941 4946
4946 4953
4953 4963
4963 4971
4971 4980
4980 4992
4992 4999
4999 5017
5017 5029
5029 5033
5033 5038
5038 5049
5049 5068
5068 5079
5079 5090
5090 5118
5118 5129
5129 5161
5161 5166
5166 5173
5173 5183
5183 5202
5202 5207
5207 5230
5230 5241
5241 5258
5258 5265
5265 5287
5287 5298
5298 5334
5334 5358
5358 5383
5383 5388
5388 5393
5393 5415
5415 5420
5420 5429
5429 5459
5459 5463
5463 5477
5477 5486
5486 5490
5490 5496
5496 5502
5502 5508
5508 5513
5513 5517
5517 5529
5529 5541
5541 5547
5547 5567
5567 5587
5587 5598
5598 5634
5634 5650
5650 5662
5662 5675
5675 5680
5680 5697
5697 5706
5706 5718
5718 5726
5726 5735
5735 5740
5740 5755
5755 5765
5765 5773
5773 5779
5779 5787
5787 5794
5794 5800
5800 5809
5809 5817
5817 5835
5835 5844
5844 5860
5860 5865
5865 5874
5874 5897
5897 5905
5905 5912
5912 5932
5932 5941
5941 5962
5962 5968
5968 5976
5976 5985
5985 6011
6011 6033
6033 6047
6047 6090
6090 6095
6095 6100
6100 6114
6114 6121
6121 6130
6130 6148
6148 6153
6153 6159
6159 6183
6183 6189
6189 6195
6195 6215
6215 6221
6221 6229
6229 6234
6234 6255
6255 6259
6259 6276
6276 6292
6292 6313
6313 6317
6317 6324
6324 6333
6333 6339
6339 6351
6351 6360
6360 6371
6371 6383
6383 6389
6389 6393
6393 6406
6406 6414
6414 6420
6420 6428
6428 6432
6432 6457
6457 6472
6472 6481
6481 6488
6488 6510
6510 6524
6524 6536
6536 6541
6541 6551
6551 6557
6557 6566
6566 6572
6572 6585
6585 6589
6589 6617
6617 6626
6626 6632
6632 6638
6638 6643
6643 6666
6666 6682
6682 6712
6712 6718
6718 6724
6724 6729
6729 6739
6739 6747
6747 6773
6773 6785
6785 6790
6790 6825
6825 6838
6838 6857
6857 6862
6862 6871
6871 6878
6878 6898
6898 6935
6935 6941
6941 6949
6949 6956
6956 6975
6975 6983
6983 6988
6988 7019
7019 7024
7024 7032
7032 7044
7044 7052
7052 7067
7067 7078
7078 7083
7083 7088
7088 7100
7100 7126
7126 7133
7133 7144
7144 7148
7148 7154
7154 7167
7167 7209
7209 7235
7235 7243
7243 7252
7252 7257
7257 7261
7261 7266
7266 7300
7300 7306
7306 7313
7313 7318
7318 7329
7329 7341
7341 7353
7353 7360
7360 7383
7383 7389
7389 7400
7400 7405
7405 7415
7415 7423
7423 7429
7429 7437
7437 7464
7464 7475
7475 7483
7483 7511
7511 7519
7519 7530
7530 7541
7541 7552
7552 7557
7557 7573
7573 7580
7580 7590
7590 7614
7614 7620
7620 7626
7626 7635
7635 7639
7639 7645
7645 7654
7654 7672
7672 7679
7679 7686
7686 7695
7695 7718
7718 7731
7731 7768
7768 7791
7791 7797
7797 7801
7801 7815
7815 7825
7825 7834
7834 7845
7845 7853
7853 7859
7859 7889
7889 7901
7901 7931
7931 7938
7938 7943
7943 7951
7951 7972
7972 7977
7977 7983
7983 7992
7992 7997
7997 8005
8005 8017
8017 8027
8027 8053
8053 8058
8058 8068
8068 8073
8073 8095
8095 8113
8113 8126
8126 8131
8131 8136
8136 8153
8153 8162
8162 8172
8172 8181
8181 8198
8198 8208
8208 8235
8235 8243
8243 8271
8271 8278
8278 8285
8285 8292
8292 8301
8301 8318
8318 8347
8347 8372
8372 8399
8399 8414
8414 8424
8424 8442
8442 8447
8447 8457
8457 8476
8476 8489
8489 8504
8504 8513
8513 8529
8529 8537
8537 8550
8550 8573
8573 8584
8584 8604
8604 8622
8622 8627
8627 8631
8631 8651
8651 8657
8657 8680
8680 8709
8709 8721
8721 8736
8736 8759
8759 8778
8778 8787
8787 8792
8792 8798
8798 8804
8804 8825
8825 8830
8830 8836
8836 8851
8851 8865
8865 8874
8874 8893
8893 8902
8902 8906
8906 8912
8912 8938
8938 8944
8944 8948
8948 8953
8953 8995
8995 9001
9001 9009
9009 9015
9015 9030
9030 9057
9057 9068
9068 9073
9073 9081
9081 9096
9096 9106
9106 9110
9110 9115
9115 9125
9125 9132
9132 9152
9152 9158
9158 9165
9165 9181
9181 9187
9187 9192
9192 9203
9203 9212
9212 9218
9218 9222
9222 9228
9228 9254
9254 9267
9267 9294
9294 9303
9303 9313
9313 9322
9322 9334
9334 9349
9349 9359
9359 9390
9390 9400
9400 9414
9414 9424
9424 9454
9454 9462
9462 9480
9480 9486
9486 9501
9501 9505
9505 9528
9528 9537
9537 9558
9558 9575
9575 9584
9584 9589
9589 9602
9602 9608
9608 9618
9618 9623
9623 9635
9635 9642
9642 9677
9677 9683
9683 9720
9720 9731
9731 9749
9749 9754
9754 9781
9781 9799
9799 9837
9837 9847
9847 9862
9862 9870
9870 9878
9878 9887
9887 9922
9922 9927
9927 9931
9931 9940
9940 9976
9976 9994
9994 10019
10019 10026
10026 10030
10030 10040
10040 10049
10049 10061
10061 10086
10086 10093
10093 10098
10098 10122
10122 10126
10126 10139
10139 10156
10156 10167
10167 10177
10177 10185
10185 10198
10198 10227
10227 10272
10272 10299
10299 10303
10303 10321
10321 10329
10329 10342
10342 10384
10384 10389
10389 10401
10401 10408
10408 10418
10418 10426
10426 10440
10440 10445
10445 10452
10452 10461
10461 10474
10474 10485
10485 10489
10489 10503
10503 10530
10530 10535
10535 10541
10541 10561
10561 10574
10574 10594
10594 10616
10616 10640
10640 10662
10662 10690
10690 10695
10695 10699
10699 10707
10707 10717
10717 10724
10724 10747
10747 10752
10752 10779
10779 10785
10785 10799
10799 10821
10821 10825
10825 10851
10851 10858
10858 10863
10863 10868
10868 10874
10874 10919
10919 10924
10924 10942
10942 10947
10947 10954
10954 10964
10964 10973
10973 10991
10991 11010
11010 11041
11041 11048
11048 11059
11059 11074
11074 11085
11085 11094
11094 11105
11105 11114
11114 11140
11140 11150
11150 11160
11160 11170
11170 11186
11186 11197
11197 11201
11201 11206
11206 11218
11218 11244
11244 11255
11255 11269
11269 11295
11295 11330
11330 11336
11336 11356
11356 11370
11370 11384
11384 11389
11389 11413
11413 11418
11418 11425
11425 11433
11433 11441
11441 11446
11446 11456
11456 11470
11470 11475
11475 11503
11503 11523
11523 11531
11531 11536
11536 11541
11541 11556
11556 11561
11561 11572
11572 11579
11579 11587
11587 11600
11600 11616
11616 11622
11622 11634
11634 11655
11655 11661
11661 11677
11677 11720
11720 11731
11731 11741
11741 11769
11769 11778
11778 11786
11786 11790
11790 11794
11794 11799
11799 11805
11805 11835
11835 11842
11842 11865
11865 11875
11875 11880
11880 11920
11920 11925
11925 11943
11943 11948
11948 11983
11983 11989
11989 11993
11993 12017
12017 12035
12035 12040
12040 12046
12046 12054
12054 12058
12058 12062
12062 12066
12066 12077
12077 12084
12084 12092
12092 12101
12101 12106
12106 12118
12118 12123
12123 12128
12128 12147
12147 12159
12159 12163
12163 12187
12187 12200
12200 12206
12206 12215
12215 12241
12241 12248
12248 12264
12264 12284
12284 12295
12295 12303
12303 12312
12312 12327
12327 12333
12333 12354
12354 12360
12360 12366
12366 12387
12387 12396
12396 12401
12401 12410
12410 12429
12429 12450
12450 12454
12454 12481
12481 12488
12488 12499
12499 12508
12508 12536
12536 12541
12541 12560
12560 12570
12570 12608
12608 12615
12615 12627
12627 12635
12635 12639
12639 12645
12645 12652
12652 12670
12670 12697
12697 12715
12715 12722
12722 12730
12730 12735
12735 12742
12742 12766
12766 12771
12771 12793
12793 12813
12813 12818
12818 12841
12841 12849
12849 12865
12865 12873
12873 12878
12878 12891
12891 12896
12896 12908
12908 12925
12925 12946
12946 12968
12968 12980
12980 12987
12987 12993
12993 12999
12999 13004
13004 13023
13023 13035
13035 13041
13041 13053
13053 13087
13087 13097
13097 13104
13104 13109
13109 13120
13120 13148
13148 13163
13163 13181
13181 13198
13198 13227
13227 13239
13239 13247
13247 13260
13260 13275
13275 13295
13295 13306
13306 13314
13314 13323
13323 13338
13338 13345
13345 13373
13373 13378
13378 13392
13392 13399
13399 13428
13428 13445
13445 13451
13451 13461
13461 13470
13470 13474
13474 13490
13490 13499
13499 13504
13504 13513
13513 13520
13520 13526
13526 13531
13531 13536
13536 13546
13546 13562
13562 13569
13569 13582
13582 13588
13588 13594
13594 13601
13601 13606
13606 13612
13612 13616
13616 13626
13626 13651
13651 13657
13657 13663
13663 13680
13680 13693
13693 13699
13699 13706
13706 13722
13722 13729
13729 13738
13738 13743
13743 13751
13751 13761
13761 13765
13765 13769
13769 13792
13792 13816
13816 13821
13821 13829
13829 13841
13841 13846
13846 13852
13852 13857
13857 13872
13872 13881
13881 13886
13886 13903
13903 13911
13911 13927
13927 13936
13936 13942
13942 13966
13966 13975
13975 13995
13995 14010
14010 14026
14026 14049
14049 14067
14067 14078
14078 14103
14103 14116
14116 14123
14123 14132
14132 14139
14139 14153
14153 14191
14191 14199
14199 14209
14209 14215
14215 14221
14221 14237
14237 14243
14243 14262
14262 14271
14271 14281
14281 14320
14320 14326
14326 14334
14334 14354
14354 14376
14376 14384
14384 14394
14394 14400
14400 14405
14405 14418
14418 14446
14446 14452
14452 14456
14456 14460
14460 14474
14474 14492
14492 14501
14501 14514
14514 14521
14521 14531
14531 14549
14549 14558
14558 14569
14569 14575
14575 14593
14593 14598
14598 14604
14604 14612
14612 14625
14625 14652
14652 14661
14661 14672
14672 14690
14690 14705
14705 14710
14710 14714
14714 14728
14728 14735
14735 14742
14742 14750
14750 14758
14758 14764
14764 14777
14777 14807
14807 14816
14816 14840
14840 14856
14856 14869
14869 14873
14873 14877
14877 14890
14890 14953
14953 14962
14962 14975
14975 14989
14989 15000
15000 15007
15007 15023
15023 15032
15032 15039
15039 15049
15049 15058
15058 15064
15064 15071
15071 15093
15093 15097
15097 15115
15115 15135
15135 15147
15147 15169
15169 15189
15189 15202
15202 15207
15207 15213
15213 15222
15222 15228
15228 15243
15243 15249
15249 15259
15259 15278
15278 15299
15299 15314
15314 15321
15321 15331
15331 15335
15335 15340
15340 15351
15351 15387
15387 15393
15393 15399
15399 15432
15432 15440
15440 15454
15454 15467
15467 15484
15484 15494
15494 15515
15515 15525
15525 15530
15530 15539
15539 15544
15544 15561
15561 15584
15584 15588
15588 15615
15615 15630
15630 15650
15650 15688
15688 15695
15695 15712
15712 15716
15716 15724
15724 15732
15732 15737
15737 15742
15742 15755
15755 15764
15764 15769
15769 15783
15783 15814
15814 15821
15821 15839
15839 15848
15848 15861
15861 15868
15868 15872
15872 15886
15886 15900
15900 15915
15915 15923
15923 15949
15949 15956
15956 15994
15994 16020
16020 16029
16029 16038
16038 16043
16043 16047
16047 16054
16054 16073
16073 16103
16103 16110
16110 16134
16134 16140
16140 16145
16145 16153
16153 16195
16195 16218
16218 16229
16229 16237
16237 16243
16243 16248
16248 16266
16266 16271
16271 16280
16280 16291
16291 16307
16307 16317
16317 16328
16328 16333
16333 16347
16347 16351
16351 16364
16364 16370
16370 16389
16389 16409
16409 16419
16419 16444
16444 16451
16451 16468
16468 16485
16485 16524
16524 16534
16534 16553
16553 16576
16576 16580
16580 16589
16589 16602
16602 16626
16626 16636
16636 16645
16645 16667
16667 16684
16684 16706
16706 16713
16713 16729
16729 16742
16742 16765
16765 16770
16770 16777
16777 16784
16784 16793
16793 16803
16803 16816
16816 16821
16821 16829
16829 16845
16845 16851
16851 16871
16871 16879
16879 16893
16893 16921
16921 16938
16938 16943
16943 16960
16960 16969
16969 16981
16981 16986
16986 16993
16993 17019
17019 17027
17027 17039
17039 17052
17052 17068
17068 17092
17092 17097
17097 17108
17108 17136
17136 17146
17146 17174
17174 17186
17186 17205
17205 17224
17224 17252
17252 17263
17263 17275
17275 17300
17300 17327
17327 17344
17344 17369
17369 17392
17392 17400
17400 17414
17414 17425
17425 17436
17436 17445
17445 17458
17458 17465
17465 17492
17492 17503
17503 17515
17515 17522
17522 17561
17561 17576
17576 17580
17580 17589
17589 17601
17601 17636
17636 17642
17642 17646
17646 17651
17651 17669
17669 17681
17681 17699
17699 17712
17712 17717
17717 17736
17736 17749
17749 17753
17753 17762
17762 17773
17773 17792
17792 17843
17843 17851
17851 17871
17871 17882
17882 17897
17897 17911
17911 17921
17921 17926
17926 17934
17934 17938
17938 17970
17970 17976
17976 17981
17981 17992
17992 18019
18019 18027
18027 18033
18033 18038
18038 18046
18046 18058
18058 18087
18087 18095
18095 18117
18117 18122
18122 18144
18144 18151
18151 18226
18226 18274
18274 18278
18278 18288
18288 18296
18296 18301
18301 18306
18306 18315
18315 18354
18354 18371
18371 18391
18391 18398
18398 18403
18403 18414
18414 18427
18427 18442
18442 18466
18466 18478
18478 18521
18521 18536
18536 18552
18552 18559
18559 18564
18564 18590
18590 18629
18629 18638
18638 18643
18643 18647
18647 18664
18664 18671
18671 18675
18675 18682
18682 18687
18687 18706
18706 18713
18713 18763
18763 18767
18767 18771
18771 18785
18785 18799
18799 18808
18808 18817
18817 18834
18834 18841
18841 18870
18870 18878
18878 18896
18896 18902
18902 18953
18953 18960
18960 18996
18996 19000
19000 19006
19006 19012
19012 19054
19054 19100
19100 19113
19113 19133
19133 19164
19164 19170
19170 19184
19184 19189
19189 19197
19197 19201
19201 19215
19215 19232
19232 19237
19237 19246
19246 19262
19262 19274
19274 19292
19292 19300
19300 19325
19325 19331
19331 19335
19335 19340
19340 19344
19344 19355
19355 19362
19362 19371
19371 19381
19381 19389
19389 19407
19407 19413
19413 19420
19420 19437
19437 19443
19443 19456
19456 19466
19466 19486
19486 19492
19492 19522
19522 19527
19527 19555
19555 19575
19575 19589
19589 19597
19597 19602
19602 19610
19610 19637
19637 19642
19642 19649
19649 19677
19677 19682
19682 19703
19703 19714
19714 19740
19740 19749
19749 19756
19756 19777
19777 19783
19783 19808
19808 19814
19814 19825
19825 19830
19830 19858
19858 19863
19863 19873
19873 19892
19892 19900
19900 19915
19915 19921
19921 19927
19927 19939
19939 19944
19944 19963
19963 19985
19985 19999
19999 20006
20006 20023
20023 20067
20067 20073
20073 20086
20086 20095
20095 20109
20109 20115
20115 20152
20152 20182
20182 20193
20193 20252
20252 20266
20266 20274
20274 20289
20289 20319
20319 20336
20336 20341
20341 20347
20347 20355
20355 20369
20369 20373
20373 20390
20390 20399
20399 20420
20420 20439
20439 20445
20445 20457
20457 20464
20464 20474
20474 20501
20501 20506
20506 20511
20511 20520
20520 20549
20549 20573
20573 20578
20578 20584
20584 20592
20592 20607
20607 20615
20615 20628
20628 20636
20636 20657
20657 20675
20675 20703
20703 20708
20708 20717
20717 20733
20733 20752
20752 20761
20761 20783
20783 20800
20800 20811
20811 20831
20831 20836
20836 20854
20854 20877
20877 20898
20898 20902
20902 20906
20906 20918
20918 20954
20954 20977
20977 20982
20982 21010
21010 21023
21023 21034
21034 21046
21046 21063
21063 21075
21075 21101
21101 21108
21108 21119
21119 21145
21145 21150
21150 21161
21161 21168
21168 21176
21176 21187
21187 21200
21200 21211
21211 21215
21215 21223
21223 21230
21230 21235
21235 21272
21272 21282
21282 21301
21301 21316
21316 21322
21322 21340
21340 21346
21346 21352
21352 21384
21384 21390
21390 21398
21398 21404
21404 21413
21413 21419
21419 21423
21423 21440
21440 21459
21459 21466
21466 21471
21471 21477
21477 21501
21501 21508
21508 21526
21526 21540
21540 21561
21561 21566
21566 21593
21593 21597
21597 21628
21628 21643
21643 21657
21657 21677
21677 21689
21689 21710
21710 21718
21718 21741
21741 21751
21751 21773
21773 21782
21782 21802
21802 21816
21816 21823
21823 21828
21828 21842
21842 21856
21856 21861
21861 21878
21878 21901
21901 21908
21908 21917
21917 21925
21925 21945
21945 21950
21950 21957
21957 21987
21987 21997
21997 22023
22023 22031
22031 22053
22053 22063
22063 22088
22088 22097
22097 22113
22113 22124
22124 22166
22166 22184
22184 22212
22212 22219
22219 22225
22225 22249
22249 22266
22266 22278
22278 22286
22286 22300
22300 22307
22307 22319
22319 22338
22338 22376
22376 22383
22383 22397
22397 22411
22411 22419
22419 22428
22428 22436
22436 22450
22450 22467
22467 22498
22498 22505
22505 22511
22511 22524
22524 22530
22530 22547
22547 22553
22553 22580
22580 22588
22588 22597
22597 22605
22605 22623
22623 22647
22647 22652
22652 22679
22679 22705
22705 22710
22710 22744
22744 22752
22752 22768
22768 22775
22775 22780
22780 22786
22786 22796
22796 22821
22821 22828
22828 22858
22858 22866
22866 22871
22871 22900
22900 22909
22909 22925
22925 22937
22937 22949
22949 22969
22969 22974
22974 22979
22979 22987
22987 22996
22996 23010
23010 23019
23019 23025
23025 23032
23032 23036
23036 23055
23055 23075
23075 23081
23081 23087
23087 23094
23094 23100
23100 23126
23126 23132
23132 23143
23143 23169
23169 23181
23181 23187
23187 23195
23195 23235
23235 23262
23262 23273
23273 23278
23278 23299
23299 23303
23303 23318
23318 23324
23324 23333
23333 23349
23349 23358
23358 23370
23370 23375
23375 23398
23398 23408
23408 23424
23424 23429
23429 23434
23434 23446
23446 23460
23460 23465
23465 23476
23476 23497
23497 23504
23504 23509
23509 23516
23516 23533
23533 23537
23537 23559
23559 23564
23564 23585
23585 23589
23589 23608
23608 23613
23613 23632
23632 23643
23643 23648
23648 23664
23664 23669
23669 23687
23687 23701
23701 23707
23707 23727
23727 23774
23774 23789
23789 23795
23795 23800
23800 23822
23822 23835
23835 23842
23842 23847
23847 23852
23852 23862
23862 23868
23868 23878
23878 23897
23897 23945
23945 23949
23949 23953
23953 23960
23960 23968
23968 23975
23975 23990
23990 24004
24004 24030
24030 24037
24037 24051
24051 24072
24072 24085
24085 24090
24090 24120
24120 24133
24133 24143
24143 24158
24158 24169
24169 24203
24203 24207
24207 24212
24212 24229
24229 24238
24238 24252
24252 24258
24258 24263
24263 24268
24268 24277
24277 24301
24301 24332
24332 24354
24354 24364
24364 24373
24373 24380
24380 24405
24405 24409
24409 24413
24413 24419
24419 24425
24425 24435
24435 24446
24446 24469
24469 24482
24482 24490
24490 24500
24500 24510
24510 24519
24519 24526
24526 24558
24558 24575
24575 24585
24585 24592
24592 24607
24607 24618
24618 24634
24634 24639
24639 24643
24643 24660
24660 24665
24665 24673
24673 24682
24682 24688
24688 24695
24695 24699
24699 24705
24705 24725
24725 24736
24736 24746
24746 24751
24751 24755
24755 24791
24791 24807
24807 24814
24814 24824
24824 24832
24832 24838
24838 24857
24857 24863
24863 24869
24869 24878
24878 24895
24895 24901
24901 24907
24907 24915
24915 24922
24922 24929
24929 24952
24952 24961
24961 24967
24967 24973
24973 24979
24979 24984
24984 24992
24992 25001
25001 25018
25018 25035
25035 25042
25042 25065
25065 25080
25080 25089
25089 25100
25100 25111
25111 25120
25120 25129
25129 25147
25147 25163
25163 25169
25169 25192
25192 25213
25213 25217
25217 25230
25230 25237
25237 25243
25243 25255
25255 25277
25277 25282
25282 25293
25293 25309
25309 25322
25322 25335
25335 25358
25358 25385
25385 25393
25393 25399
25399 25408
25408 25429
25429 25434
25434 25449
25449 25459
25459 25463
25463 25485
25485 25496
25496 25501
25501 25507
25507 25517
25517 25521
25521 25540
25540 25549
25549 25582
25582 25607
25607 25624
25624 25643
25643 25650
25650 25678
25678 25682
25682 25690
25690 25696
25696 25708
25708 25716
25716 25722
25722 25732
25732 25738
25738 25743
25743 25751
25751 25756
25756 25765
25765 25779
25779 25784
25784 25789
25789 25812
25812 25827
25827 25843
25843 25853
25853 25870
25870 25877
25877 25884
25884 25906
25906 25919
25919 25936
25936 25944
25944 25962
25962 25970
25970 25979
25979 25988
25988 26002
26002 26008
26008 26024
26024 26029
26029 26075
26075 26080
26080 26087
26087 26091
26091 26106
26106 26115
26115 26130
26130 26138
26138 26142
26142 26162
26162 26169
26169 26175
26175 26183
26183 26190
26190 26202
26202 26215
26215 26238
26238 26259
26259 26266
26266 26274
26274 26287
26287 26293
26293 26302
26302 26331
26331 26339
26339 26344
26344 26352
26352 26367
26367 26376
26376 26411
26411 26430
26430 26437
26437 26443
26443 26457
26457 26463
26463 26474
26474 26487
26487 26503
26503 26508
26508 26522
26522 26527
26527 26532
26532 26555
26555 26560
26560 26566
26566 26594
26594 26600
26600 26604
26604 26608
26608 26618
26618 26622
26622 26626
26626 26632
26632 26638
26638 26650
26650 26659
26659 26674
26674 26683
26683 26688
26688 26695
26695 26709
26709 26717
26717 26724
26724 26736
26736 26758
26758 26764
26764 26783
26783 26806
26806 26822
26822 26834
26834 26841
26841 26845
26845 26853
26853 26873
26873 26885
26885 26892
26892 26915
26915 26924
26924 26936
26936 26981
26981 26987
26987 26992
26992 27007
27007 27030
27030 27041
27041 27047
27047 27055
27055 27064
27064 27072
27072 27089
27089 27107
27107 27112
27112 27121
27121 27141
27141 27165
27165 27170
27170 27195
27195 27217
27217 27227
27227 27232
27232 27252
27252 27257
27257 27271
27271 27292
27292 27311
27311 27317
27317 27322
27322 27368
27368 27377
27377 27401
27401 27406
27406 27431
27431 27436
27436 27458
27458 27470
27470 27480
27480 27484
27484 27489
27489 27495
27495 27503
27503 27526
27526 27548
27548 27558
27558 27576
27576 27581
27581 27614
27614 27618
27618 27624
27624 27628
27628 27637
27637 27641
27641 27647
27647 27665
27665 27681
27681 27710
27710 27718
27718 27722
27722 27726
27726 27753
27753 27768
27768 27781
27781 27801
27801 27808
27808 27826
27826 27835
27835 27845
27845 27851
27851 27860
27860 27864
27864 27872
27872 27883
27883 27905
27905 27927
27927 27933
27933 27941
27941 27970
27970 27978
27978 27998
27998 28008
28008 28017
28017 28030
28030 28040
28040 28048
28048 28059
28059 28073
28073 28099
28099 28104
28104 28126
28126 28150
28150 28160
28160 28171
28171 28178
28178 28183
28183 28188
28188 28208
28208 28233
28233 28248
28248 28258
28258 28263
28263 28276
28276 28302
28302 28315
28315 28325
28325 28340
28340 28357
28357 28367
28367 28383
28383 28419
28419 28428
28428 28477
28477 28489
28489 28499
28499 28507
28507 28512
28512 28519
28519 28530
28530 28537
28537 28541
28541 28549
28549 28560
28560 28569
28569 28578
28578 28587
28587 28602
28602 28624
28624 28632
28632 28640
28640 28645
28645 28655
28655 28661
28661 28668
28668 28688
28688 28698
28698 28729
28729 28748
28748 28754
28754 28769
28769 28776
28776 28780
28780 28785
28785 28805
28805 28814
28814 28839
28839 28850
28850 28862
28862 28872
28872 28877
28877 28882
28882 28907
28907 28913
28913 28920
28920 28933
28933 28941
28941 28947
28947 28981
28981 28995
28995 29006
29006 29010
29010 29016
29016 29047
29047 29098
29098 29105
29105 29111
29111 29118
29118 29122
29122 29132
29132 29147
29147 29152
29152 29166
29166 29173
29173 29179
29179 29199
29199 29216
29216 29236
29236 29241
29241 29252
29252 29262
29262 29269
29269 29279
29279 29299
29299 29304
29304 29326
29326 29331
29331 29336
29336 29360
29360 29367
29367 29386
29386 29394
29394 29445
29445 29470
29470 29484
29484 29516
29516 29527
29527 29540
29540 29544
29544 29549
29549 29557
29557 29562
29562 29582
29582 29588
29588 29594
29594 29608
29608 29631
29631 29639
29639 29647
29647 29664
29664 29672
29672 29676
29676 29699
29699 29707
29707 29735
29735 29766
29766 29773
29773 29781
29781 29791
29791 29809
29809 29818
29818 29822
29822 29828
29828 29833
29833 29838
29838 29843
29843 29860
29860 29866
29866 29874
29874 29883
29883 29895
29895 29904
29904 29913
29913 29932
29932 29959
29959 29967
29967 29986
29986 29991
29991 30025
30025 30031
30031 30044
30044 30053
30053 30062
30062 30072
30072 30077
30077 30125
30125 30142
30142 30151
30151 30161
30161 30186
30186 30190
30190 30202
30202 30218
30218 30234
30234 30242
30242 30253
30253 30274
30274 30279
30279 30290
30290 30296
30296 30317
30317 30338
30338 30344
30344 30367
30367 30376
30376 30395
30395 30401
30401 30407
30407 30428
30428 30435
30435 30440
30440 30446
30446 30455
30455 30461
30461 30486
30486 30521
30521 30528
30528 30534
30534 30540
30540 30562
30562 30567
30567 30575
30575 30583
30583 30589
30589 30602
30602 30609
30609 30621
30621 30626
30626 30640
30640 30647
30647 30666
30666 30671
30671 30686
30686 30697
30697 30702
30702 30707
30707 30719
30719 30739
30739 30745
30745 30782
30782 30790
30790 30794
30794 30806
30806 30822
30822 30834
30834 30840
30840 30846
30846 30851
30851 30875
30875 30882
30882 30886
30886 30893
30893 30900
30900 30936
30936 30947
30947 30953
30953 30974
30974 30983
30983 30995
30995 31003
31003 31014
31014 31022
31022 31028
31028 31039
31039 31047
31047 31055
31055 31081
31081 31093
31093 31105
31105 31112
31112 31117
31117 31133
31133 31155
31155 31162
31162 31167
31167 31179
31179 31186
31186 31194
31194 31199
31199 31210
31210 31234
31234 31243
31243 31259
31259 31280
31280 31308
31308 31328
31328 31340
31340 31365
31365 31375
31375 31387
31387 31413
31413 31459
31459 31467
31467 31471
31471 31476
31476 31490
31490 31497
31497 31513
31513 31519
31519 31526
31526 31541
31541 31550
31550 31577
31577 31583
31583 31588
31588 31593
31593 31602
31602 31623
31623 31639
31639 31649
31649 31654
31654 31661
31661 31666
31666 31686
31686 31725
31725 31738
31738 31745
31745 31752
31752 31768
31768 31776
31776 31810
31810 31823
31823 31834
31834 31840
31840 31880
31880 31890
31890 31902
31902 31939
31939 31977
31977 31989
31989 32003
32003 32009
32009 32019
32019 32024
32024 32033
32033 32045
32045 32058
32058 32066
32066 32083
32083 32100
32100 32104
32104 32118
32118 32123
32123 32129
32129 32144
32144 32150
32150 32160
32160 32169
32169 32180
32180 32196
32196 32202
32202 32237
32237 32242
32242 32254
32254 32293
32293 32299
32299 32307
32307 32312
32312 32317
32317 32347
32347 32354
32354 32390
32390 32400
32400 32406
32406 32413
32413 32421
32421 32443
32443 32456
32456 32473
32473 32479
32479 32490
32490 32494
32494 32500
32500 32519
32519 32523
32523 32531
32531 32545
32545 32553
32553 32561
32561 32565
32565 32599
32599 32607
32607 32613
32613 32623
32623 32629
32629 32634
32634 32649
32649 32653
32653 32661
32661 32673
32673 32678
32678 32684
32684 32692
32692 32701
32701 32727
32727 32736
32736 32771
32771 32792
32792 32799
32799 32812
32812 32820
32820 32827
32827 32834
32834 32844
32844 32881
32881 32898
32898 32905
32905 32919
32919 32933
32933 32964
32964 32969
32969 32979
32979 32991
32991 32997
32997 33011
33011 33018
33018 33028
33028 33034
33034 33042
33042 33050
33050 33057
33057 33087
33087 33105
33105 33112
33112 33117
33117 33125
33125 33129
33129 33135
33135 33163
33163 33171
33171 33179
33179 33188
33188 33197
33197 33224
33224 33242
33242 33258
33258 33265
33265 33274
33274 33295
33295 33326
33326 33351
33351 33359
33359 33364
33364 33372
33372 33386
33386 33395
33395 33421
33421 33438
33438 33461
33461 33467
33467 33481
33481 33500
33500 33524
33524 33538
33538 33543
33543 33548
33548 33559
33559 33578
33578 33597
33597 33617
33617 33624
33624 33638
33638 33649
33649 33665
33665 33670
33670 33681
33681 33687
33687 33691
33691 33703
33703 33717
33717 33729
33729 33736
33736 33743
33743 33749
33749 33757
33757 33776
33776 33804
33804 33817
33817 33834
33834 33840
33840 33864
33864 33908
33908 33915
33915 33932
33932 33944
33944 33953
33953 33959
33959 33969
33969 33978
33978 33983
33983 33990
33990 34002
34002 34009
34009 34034
34034 34049
34049 34062
34062 34084
34084 34111
34111 34117
34117 34127
34127 34137
34137 34144
34144 34159
34159 34172
34172 34179
34179 34189
34189 34210
34210 34215
34215 34227
34227 34235
34235 34242
34242 34249
34249 34261
34261 34268
34268 34273
34273 34282
34282 34287
34287 34293
34293 34298
34298 34304
34304 34326
34326 34346
34346 34365
34365 34372
34372 34386
34386 34393
34393 34397
34397 34410
34410 34418
34418 34433
34433 34452
34452 34473
34473 34481
34481 34507
34507 34518
34518 34523
34523 34572
34572 34587
34587 34608
34608 34636
34636 34667
34667 34678
34678 34685
34685 34690
34690 34696
34696 34700
34700 34708
34708 34723
34723 34728
34728 34733
34733 34738
34738 34745
34745 34750
34750 34767
34767 34771
34771 34796
34796 34807
34807 34817
34817 34825
34825 34829
34829 34856
34856 34872
34872 34877
34877 34898
34898 34902
34902 34914
34914 34922
34922 34928
34928 34932
34932 34943
34943 34948
34948 34955
34955 34959
34959 34973
34973 34977
34977 34988
34988 35016
35016 35023
35023 35030
35030 35043
35043 35051
35051 35078
35078 35106
35106 35114
35114 35128
35128 35136
35136 35168
35168 35172
35172 35181
35181 35194
35194 35202
35202 35245
35245 35257
35257 35263
35263 35270
35270 35278
35278 35290
35290 35300
35300 35309
35309 35313
35313 35324
35324 35338
35338 35345
35345 35383
35383 35396
35396 35405
35405 35417
35417 35421
35421 35425
35425 35436
35436 35440
35440 35480
35480 35487
35487 35495
35495 35501
35501 35519
35519 35529
35529 35537
35537 35549
35549 35563
35563 35597
35597 35608
35608 35626
35626 35632
35632 35657
35657 35665
35665 35669
35669 35679
35679 35686
35686 35691
35691 35700
35700 35716
35716 35751
35751 35761
35761 35768
35768 35784
35784 35795
35795 35810
35810 35816
35816 35821
35821 35830
35830 35838
35838 35886
35886 35898
35898 35902
35902 35910
35910 35916
35916 35922
35922 35938
35938 35944
35944 35956
35956 35967
35967 35973
35973 35982
35982 35995
35995 36011
36011 36018
36018 36031
36031 36047
36047 36056
36056 36062
36062 36071
36071 36075
36075 36082
36082 36088
36088 36108
36108 36141
36141 36152
36152 36177
36177 36184
36184 36200
36200 36238
36238 36242
36242 36247
36247 36261
36261 36279
36279 36309
36309 36315
36315 36321
36321 36330
36330 36335
36335 36342
36342 36357
36357 36362
36362 36369
36369 36374
36374 36387
36387 36397
36397 36434
36434 36441
36441 36449
36449 36454
36454 36474
36474 36480
36480 36486
36486 36515
36515 36522
36522 36530
36530 36535
36535 36543
36543 36559
36559 36564
36564 36570
36570 36575
36575 36585
36585 36609
36609 36615
36615 36622
36622 36629
36629 36645
36645 36649
36649 36674
36674 36678
36678 36686
36686 36719
36719 36738
36738 36748
36748 36755
36755 36761
36761 36772
36772 36791
36791 36804
36804 36833
36833 36843
36843 36858
36858 36869
36869 36884
36884 36889
36889 36898
36898 36920
36920 36924
36924 36929
36929 36934
36934 36945
36945 36958
36958 36969
36969 36974
36974 36980
36980 36991
36991 36997
36997 37003
37003 37021
37021 37032
37032 37037
37037 37055
37055 37086
37086 37091
37091 37097
37097 37107
37107 37139
37139 37145
37145 37153
37153 37193
37193 37206
37206 37218
37218 37229
37229 37235
37235 37242
37242 37247
37247 37261
37261 37269
37269 37276
37276 37283
37283 37294
37294 37319
37319 37324
37324 37343
37343 37350
37350 37358
37358 37368
37368 37374
37374 37396
37396 37407
37407 37419
37419 37424
37424 37436
37436 37447
37447 37485
37485 37490
37490 37495
37495 37511
37511 37518
37518 37523
37523 37533
37533 37546
37546 37560
37560 37594
37594 37612
37612 37628
37628 37641
37641 37650
37650 37663
37663 37683
37683 37688
37688 37718
37718 37730
37730 37744
37744 37766
37766 37770
37770 37775
37775 37779
37779 37788
37788 37801
37801 37824
37824 37828
37828 37840
37840 37868
37868 37874
37874 37878
37878 37883
37883 37894
37894 37899
37899 37909
37909 37919
37919 37929
37929 37944
37944 37951
37951 37959
37959 37973
37973 37991
37991 37997
37997 38004
38004 38016
38016 38024
38024 38029
38029 38035
38035 38048
38048 38065
38065 38076
38076 38084
38084 38090
38090 38097
38097 38115
38115 38122
38122 38129
38129 38139
38139 38168
38168 38176
38176 38182
38182 38187
38187 38191
38191 38197
38197 38203
38203 38222
38222 38227
38227 38233
38233 38248
38248 38259
38259 38274
38274 38290
38290 38304
38304 38318
38318 38341
38341 38346
38346 38370
38370 38388
38388 38393
38393 38399
38399 38415
38415 38422
38422 38448
38448 38452
38452 38459
38459 38472
38472 38478
38478 38486
38486 38511
38511 38538
38538 38553
38553 38557
38557 38572
38572 38586
38586 38590
38590 38599
38599 38620
38620 38665
38665 38673
38673 38687
38687 38719
38719 38730
38730 38745
38745 38777
38777 38802
38802 38807
38807 38812
38812 38819
38819 38832
38832 38848
38848 38871
38871 38882
38882 38900
38900 38910
38910 38916
38916 38922
38922 38932
38932 38990
38990 39015
39015 39022
39022 39037
39037 39052
39052 39078
39078 39090
39090 39119
39119 39151
39151 39167
39167 39173
39173 39184
39184 39194
39194 39216
39216 39221
39221 39227
39227 39237
39237 39248
39248 39259
39259 39265
39265 39277
39277 39284
39284 39308
39308 39317
39317 39325
39325 39338
39338 39395
39395 39399
39399 39430
39430 39456
39456 39476
39476 39496
39496 39513
39513 39517
39517 39523
39523 39558
39558 39562
39562 39593
39593 39603
39603 39621
39621 39627
39627 39657
39657 39676
39676 39689
39689 39709
39709 39733
39733 39740
39740 39749
39749 39773
39773 39784
39784 39795
39795 39804
39804 39827
39827 39836
39836 39850
39850 39878
39878 39883
39883 39903
39903 39916
39916 39930
39930 39937
39937 39946
39946 39951
39951 39959
39959 39975
39975 40000
40000 40016
40016 40039
40039 40051
40051 40071
40071 40077
40077 40082
40082 40107
40107 40123
40123 40128
40128 40168
40168 40172
40172 40176
40176 40182
40182 40202
40202 40215
40215 40221
40221 40253
40253 40259
40259 40264
40264 40273
40273 40284
40284 40292
40292 40299
40299 40317
40317 40338
40338 40351
40351 40367
40367 40383
40383 40391
40391 40423
40423 40441
40441 40449
40449 40481
40481 40489
40489 40506
40506 40518
40518 40524
40524 40529
40529 40543
40543 40569
40569 40593
40593 40604
40604 40610
40610 40627
40627 40654
40654 40660
40660 40665
40665 40696
40696 40709
40709 40718
40718 40734
40734 40750
40750 40762
40762 40769
40769 40777
40777 40786
40786 40806
40806 40816
40816 40874
40874 40883
40883 40892
40892 40903
40903 40926
40926 40935
40935 40945
40945 40951
40951 40957
40957 40961
40961 40967
40967 40971
40971 40983
40983 41003
41003 41021
41021 41059
41059 41068
41068 41080
41080 41098
41098 41123
41123 41133
41133 41150
41150 41190
41190 41217
41217 41225
41225 41238
41238 41243
41243 41250
41250 41256
41256 41269
41269 41274
41274 41281
41281 41290
41290 41296
41296 41304
41304 41327
41327 41331
41331 41341
41341 41367
41367 41385
41385 41412
41412 41417
41417 41423
41423 41428
41428 41442
41442 41464
41464 41472
41472 41478
41478 41507
41507 41516
41516 41525
41525 41547
41547 41552
41552 41569
41569 41585
41585 41590
41590 41609
41609 41621
41621 41625
41625 41629
41629 41648
41648 41652
41652 41662
41662 41671
41671 41706
41706 41726
41726 41739
41739 41744
41744 41775
41775 41799
41799 41810
41810 41826
41826 41834
41834 41854
41854 41861
41861 41874
41874 41884
41884 41894
41894 41927
41927 41934
41934 41964
41964 41986
41986 41998
41998 42013
42013 42038
42038 42045
42045 42051
42051 42056
42056 42061
42061 42068
42068 42076
42076 42081
42081 42090
42090 42110
42110 42119
42119 42141
42141 42146
42146 42179
42179 42186
42186 42211
42211 42236
42236 42252
42252 42257
42257 42272
42272 42294
42294 42302
42302 42318
42318 42338
42338 42345
42345 42357
42357 42384
42384 42389
42389 42402
42402 42440
42440 42449
42449 42454
42454 42466
42466 42473
42473 42496
42496 42503
42503 42510
42510 42531
42531 42547
42547 42574
42574 42598
42598 42606
42606 42615
42615 42629
42629 42637
42637 42662
42662 42675
42675 42682
42682 42700
42700 42724
42724 42730
42730 42754
42754 42782
42782 42786
42786 42793
42793 42799
42799 42818
42818 42830
42830 42845
42845 42861
42861 42878
42878 42883
42883 42891
42891 42903
42903 42913
42913 42923
42923 42929
42929 42937
42937 42966
42966 42972
42972 42980
42980 43002
43002 43014
43014 43026
43026 43039
43039 43056
43056 43081
43081 43089
43089 43095
43095 43101
43101 43112
43112 43116
43116 43127
43127 43153
43153 43168
43168 43182
43182 43196
43196 43200
43200 43210
43210 43215
43215 43226
43226 43232
43232 43239
43239 43249
43249 43255
43255 43266
43266 43289
43289 43298
43298 43311
43311 43318
43318 43325
43325 43339
43339 43354
43354 43366
43366 43377
43377 43410
43410 43426
43426 43437
43437 43445
43445 43460
43460 43482
43482 43487
43487 43523
43523 43539
43539 43544
43544 43551
43551 43562
43562 43567
43567 43574
43574 43598
43598 43608
43608 43614
43614 43623
43623 43634
43634 43644
43644 43677
43677 43694
43694 43714
43714 43719
43719 43727
43727 43753
43753 43793
43793 43804
43804 43815
43815 43826
43826 43848
43848 43863
43863 43872
43872 43897
43897 43931
43931 43949
43949 43956
43956 43970
43970 43978
43978 43992
43992 44019
44019 44044
44044 44055
44055 44090
44090 44100
44100 44111
44111 44119
44119 44157
44157 44164
44164 44191
44191 44198
44198 44205
44205 44210
44210 44226
44226 44232
44232 44237
44237 44261
44261 44268
44268 44281
44281 44290
44290 44295
44295 44306
44306 44315
44315 44323
44323 44333
44333 44337
44337 44351
44351 44359
44359 44364
44364 44374
44374 44386
44386 44392
