0 11
11 36
36 47
47 61
61 72
72 86
86 100
100 113
113 131
131 163
163 169
169 178
178 191
191 200
200 204
204 225
225 236
236 248
248 267
267 276
276 296
296 311
311 316
316 334
334 340
340 365
365 385
385 394
394 414
414 434
434 446
446 456
456 465
465 470
470 475
475 494
494 498
498 511
511 529
529 552
552 569
569 574
574 583
583 595
595 601
601 607
607 611
611 626
626 637
637 653
653 675
675 682
682 687
687 701
701 706
706 719
719 731
731 742
742 749
749 759
759 770
770 780
780 802
802 828
828 841
841 848
848 884
884 894
894 920
920 929
929 943
943 949
949 964
964 978
978 992
992 1001
1001 1010
1010 1028
1028 1064
1064 1074
1074 1099
1099 1109
1109 1117
1117 1122
1122 1130
1130 1138
1138 1153
1153 1163
1163 1174
1174 1188
1188 1197
1197 1208
1208 1215
1215 1239
1239 1246
1246 1255
1255 1266
1266 1280
1280 1285
1285 1291
1291 1303
1303 1316
1316 1325
1325 1337
1337 1342
1342 1359
1359 1366
1366 1371
1371 1379
1379 1400
1400 1416
1416 1429
1429 1446
1446 1469
1469 1475
1475 1484
1484 1491
1491 1507
1507 1512
1512 1523
1523 1548
1548 1555
1555 1561
1561 1567
1567 1578
1578 1602
1602 1608
1608 1616
1616 1631
1631 1643
1643 1661
1661 1680
1680 1689
1689 1697
1697 1704
1704 1741
1741 1775
1775 1817
1817 1840
1840 1861
1861 1892
1892 1903
1903 1912
1912 1948
1948 1957
1957 1969
1969 1994
1994 2009
2009 2022
2022 2028
2028 2043
2043 2061
2061 2069
2069 2092
2092 2096
2096 2108
2108 2117
2117 2126
2126 2130
2130 2142
2142 2147
2147 2153
2153 2172
2172 2176
2176 2181
2181 2187
2187 2238
2238 2249
2249 2254
2254 2260
2260 2275
2275 2284
2284 2292
2292 2308
2308 2315
2315 2328
2328 2359
2359 2366
2366 2374
2374 2379
2379 2390
2390 2409
2409 2432
2432 2458
2458 2466
2466 2472
2472 2480
2480 2484
2484 2489
2489 2495
2495 2503
2503 2516
2516 2536
2536 2543
2543 2552
2552 2566
2566 2577
2577 2583
2583 2606
2606 2612
2612 2620
2620 2627
2627 2636
2636 2665
2665 2702
2702 2707
2707 2722
2722 2737
2737 2745
2745 2761
2761 2767
2767 2772
2772 2780
2780 2786
2786 2791
2791 2796
2796 2801
2801 2806
2806 2819
2819 2841
2841 2855
2855 2869
2869 2874
2874 2881
2881 2890
2890 2902
2902 2910
2910 2917
2917 2939
2939 2948
2948 2955
2955 2971
2971 2993
2993 3004
3004 3017
3017 3022
3022 3032
3032 3051
3051 3059
3059 3065
3065 3073
3073 3092
3092 3099
3099 3104
3104 3115
3115 3125
3125 3129
3129 3154
3154 3161
3161 3172
3172 3193
3193 3208
3208 3241
3241 3252
3252 3264
3264 3284
3284 3295
3295 3303
3303 3308
3308 3327
3327 3342
3342 3350
3350 3362
3362 3369
3369 3377
3377 3403
3403 3410
3410 3420
3420 3431
3431 3441
3441 3448
3448 3459
3459 3477
3477 3482
3482 3492
3492 3497
3497 3505
3505 3519
3519 3524
3524 3530
3530 3542
3542 3547
3547 3553
3553 3560
3560 3567
3567 3576
3576 3581
3581 3605
3605 3610
3610 3630
3630 3645
3645 3666
3666 3677
3677 3700
3700 3716
3716 3741
3741 3747
3747 3751
3751 3760
3760 3775
3775 3784
3784 3797
3797 3803
3803 3810
3810 3820
3820 3827
3827 3832
3832 3842
3842 3849
3849 3853
3853 3872
3872 3880
3880 3885
3885 3898
3898 3910
3910 3938
3938 3946
3946 3959
3959 3970
3970 3990
3990 4004
4004 4011
4011 4018
4018 4025
4025 4038
4038 4045
4045 4053
4053 4060
4060 4083
4083 4104
4104 4110
4110 4121
4121 4131
4131 4156
4156 4161
4161 4178
4178 4185
4185 4190
4190 4211
4211 4219
4219 4226
4226 4233
4233 4243
4243 4249
4249 4258
4258 4279
4279 4285
4285 4295
4295 4306
4306 4320
4320 4326
4326 4335
4335 4344
4344 4353
4353 4370
4370 4378
4378 4384
4384 4389
4389 4395
4395 4414
4414 4421
4421 4429
4429 4437
4437 4445
4445 4486
4486 4494
4494 4499
4499 4510
4510 4530
4530 4546
4546 4569
4569 4586
4586 4607
4607 4614
4614 4624
4624 4631
4631 4653
4653 4669
4669 4681
4681 4688
4688 4698
4698 4718
4718 4746
4746 4751
4751 4780
4780 4788
4788 4801
4801 4815
4815 4822
4822 4833
4833 4845
4845 4860
4860 4871
4871 4886
4886 4897
4897 4904
4904 4917
4917 4926
4926 4946
4946 4951
4951 4971
4971 4990
4990 5013
5013 5041
5041 5050
5050 5079
5079 5088
5088 5105
5105 5114
5114 5123
5123 5128
5128 5152
5152 5174
5174 5178
5178 5191
5191 5196
5196 5207
5207 5212
5212 5226
5226 5240
5240 5244
5244 5252
5252 5266
5266 5270
5270 5275
5275 5282
5282 5299
5299 5303
5303 5313
5313 5325
5325 5337
5337 5345
5345 5357
5357 5363
5363 5368
5368 5374
5374 5384
5384 5389
5389 5394
5394 5418
5418 5435
5435 5466
5466 5478
5478 5494
5494 5507
5507 5521
5521 5533
5533 5549
5549 5567
5567 5586
5586 5594
5594 5603
5603 5629
5629 5636
5636 5641
5641 5662
5662 5668
5668 5687
5687 5694
5694 5700
5700 5706
5706 5717
5717 5722
5722 5731
5731 5735
5735 5741
5741 5746
5746 5751
5751 5769
5769 5777
5777 5782
5782 5793
5793 5799
5799 5805
5805 5812
5812 5819
5819 5837
5837 5844
5844 5849
5849 5867
5867 5873
5873 5896
5896 5915
5915 5920
5920 5925
5925 5929
5929 5944
5944 5950
5950 5968
5968 5990
5990 6003
6003 6012
6012 6020
6020 6034
6034 6041
6041 6046
6046 6053
6053 6058
6058 6063
6063 6094
6094 6099
6099 6103
6103 6120
6120 6132
6132 6137
6137 6145
6145 6150
6150 6158
6158 6166
6166 6175
6175 6194
6194 6202
6202 6214
6214 6222
6222 6237
6237 6243
6243 6249
6249 6256
6256 6278
6278 6290
6290 6305
6305 6311
6311 6322
6322 6329
6329 6341
6341 6346
6346 6374
6374 6379
6379 6395
6395 6400
6400 6405
6405 6417
6417 6424
6424 6436
6436 6449
6449 6456
6456 6461
6461 6476
6476 6483
6483 6497
6497 6507
6507 6512
6512 6521
6521 6531
6531 6539
6539 6550
6550 6554
6554 6573
6573 6588
6588 6610
6610 6636
6636 6650
6650 6666
6666 6705
6705 6717
6717 6723
6723 6730
6730 6741
6741 6748
6748 6753
6753 6769
6769 6791
6791 6800
6800 6804
6804 6809
6809 6818
6818 6829
6829 6834
6834 6840
6840 6855
6855 6871
6871 6882
6882 6893
6893 6898
6898 6921
6921 6926
6926 6931
6931 6949
6949 6954
6954 6965
6965 6977
6977 6987
6987 6994
6994 6999
6999 7004
7004 7014
7014 7020
7020 7027
7027 7033
7033 7037
7037 7042
7042 7047
7047 7085
7085 7128
7128 7166
7166 7181
7181 7204
7204 7219
7219 7234
7234 7247
7247 7268
7268 7287
7287 7306
7306 7317
7317 7326
7326 7335
7335 7339
7339 7349
7349 7380
7380 7388
7388 7411
7411 7417
7417 7421
7421 7433
7433 7439
7439 7443
7443 7451
7451 7474
7474 7490
7490 7507
7507 7532
7532 7543
7543 7551
7551 7556
7556 7562
7562 7569
7569 7577
7577 7587
7587 7593
7593 7602
7602 7614
7614 7651
7651 7664
7664 7681
7681 7693
7693 7698
7698 7707
7707 7722
7722 7734
7734 7747
7747 7779
7779 7786
7786 7808
7808 7816
7816 7837
7837 7842
7842 7850
7850 7855
7855 7860
7860 7902
7902 7944
7944 7950
7950 7956
7956 7968
7968 7979
7979 7985
7985 7996
7996 8002
8002 8013
8013 8040
8040 8052
8052 8066
8066 8091
8091 8122
8122 8136
8136 8161
8161 8178
8178 8214
8214 8227
8227 8232
8232 8242
8242 8253
8253 8268
8268 8285
8285 8291
8291 8296
8296 8302
8302 8314
8314 8319
8319 8355
8355 8360
8360 8380
8380 8386
8386 8391
8391 8396
8396 8402
8402 8419
8419 8424
8424 8431
8431 8440
8440 8452
8452 8461
8461 8473
8473 8482
8482 8496
8496 8513
8513 8533
8533 8559
8559 8572
8572 8576
8576 8588
8588 8602
8602 8613
8613 8622
8622 8643
8643 8662
8662 8668
8668 8683
8683 8704
8704 8716
8716 8729
8729 8741
8741 8747
8747 8771
8771 8776
8776 8797
8797 8802
8802 8810
8810 8815
8815 8826
8826 8838
8838 8850
8850 8856
8856 8877
8877 8887
8887 8897
8897 8902
8902 8907
8907 8919
8919 8931
8931 8945
8945 8954
8954 8964
8964 8971
8971 8975
8975 9012
9012 9048
9048 9071
9071 9089
9089 9107
9107 9113
9113 9127
9127 9174
9174 9188
9188 9199
9199 9211
9211 9223
9223 9232
9232 9239
9239 9246
9246 9283
9283 9290
9290 9302
9302 9325
9325 9333
9333 9344
9344 9353
9353 9380
9380 9387
9387 9392
9392 9401
9401 9415
9415 9432
9432 9442
9442 9466
9466 9501
9501 9515
9515 9560
9560 9571
9571 9597
9597 9621
9621 9625
9625 9632
9632 9641
9641 9654
9654 9660
9660 9699
9699 9706
9706 9715
9715 9719
9719 9727
9727 9736
9736 9744
9744 9756
9756 9764
9764 9781
9781 9802
9802 9816
9816 9831
9831 9836
9836 9848
9848 9854
9854 9870
9870 9877
9877 9894
9894 9914
9914 9944
9944 9948
9948 9958
9958 9977
9977 10010
10010 10014
10014 10033
10033 10043
10043 10052
10052 10065
10065 10101
10101 10109
10109 10116
10116 10124
10124 10129
10129 10151
10151 10159
10159 10164
10164 10179
10179 10187
10187 10191
10191 10205
10205 10216
10216 10223
10223 10238
10238 10252
10252 10263
10263 10278
10278 10296
10296 10304
10304 10311
10311 10343
10343 10347
10347 10379
10379 10396
10396 10410
10410 10418
10418 10425
10425 10439
10439 10443
10443 10450
10450 10455
10455 10470
10470 10484
10484 10492
10492 10500
10500 10508
10508 10513
10513 10529
10529 10537
10537 10565
10565 10574
10574 10581
10581 10598
10598 10607
10607 10629
10629 10633
10633 10649
10649 10673
10673 10694
10694 10713
10713 10728
10728 10733
10733 10740
10740 10745
10745 10755
10755 10761
10761 10774
10774 10781
10781 10822
10822 10873
10873 10896
10896 10918
10918 10945
10945 10979
10979 11013
11013 11041
11041 11053
11053 11062
11062 11070
11070 11092
11092 11102
11102 11106
11106 11111
11111 11142
11142 11155
11155 11159
11159 11179
11179 11187
11187 11193
11193 11198
11198 11205
11205 11224
11224 11235
11235 11253
11253 11261
11261 11269
11269 11282
11282 11288
11288 11302
11302 11308
11308 11328
11328 11349
11349 11354
11354 11366
11366 11371
11371 11391
11391 11399
11399 11408
11408 11426
11426 11439
11439 11455
11455 11477
11477 11488
11488 11503
11503 11509
11509 11547
11547 11552
11552 11580
11580 11595
11595 11604
11604 11617
11617 11644
11644 11666
11666 11674
11674 11694
11694 11715
11715 11722
11722 11726
11726 11731
11731 11755
11755 11769
11769 11773
11773 11779
11779 11795
11795 11803
11803 11807
11807 11821
11821 11828
11828 11833
11833 11840
11840 11844
11844 11848
11848 11874
11874 11879
11879 11893
11893 11900
11900 11918
11918 11929
11929 11943
11943 11950
11950 11973
11973 11977
11977 11990
11990 11997
11997 12021
12021 12041
12041 12049
12049 12057
12057 12066
12066 12072
12072 12095
12095 12104
12104 12118
12118 12157
12157 12161
12161 12172
12172 12181
12181 12187
12187 12222
12222 12234
12234 12239
12239 12259
12259 12267
12267 12285
12285 12314
12314 12331
12331 12349
12349 12359
12359 12364
12364 12369
12369 12380
12380 12391
12391 12426
12426 12441
12441 12461
12461 12471
12471 12500
12500 12520
12520 12526
12526 12546
12546 12555
12555 12565
12565 12577
12577 12592
12592 12600
12600 12615
12615 12621
12621 12633
12633 12645
12645 12655
12655 12662
12662 12677
12677 12681
12681 12696
12696 12708
12708 12713
12713 12721
12721 12749
12749 12765
12765 12802
12802 12813
12813 12823
12823 12829
12829 12835
12835 12840
12840 12869
12869 12875
12875 12880
12880 12886
12886 12898
12898 12906
12906 12937
12937 12954
12954 12967
12967 12982
12982 12990
12990 13028
13028 13037
13037 13044
13044 13054
13054 13070
13070 13079
13079 13087
13087 13093
13093 13101
13101 13124
13124 13130
13130 13147
13147 13151
13151 13166
13166 13188
13188 13201
13201 13208
13208 13219
13219 13252
13252 13260
13260 13269
13269 13277
13277 13286
13286 13293
13293 13302
13302 13307
13307 13316
13316 13321
13321 13349
13349 13399
13399 13413
13413 13420
13420 13440
13440 13460
13460 13464
13464 13470
13470 13476
13476 13488
13488 13496
13496 13527
13527 13534
13534 13543
13543 13567
13567 13576
13576 13587
13587 13608
13608 13616
13616 13628
13628 13639
13639 13645
13645 13655
13655 13668
13668 13681
13681 13693
13693 13697
13697 13707
13707 13744
13744 13751
13751 13756
13756 13788
13788 13820
13820 13827
13827 13835
13835 13841
13841 13850
13850 13855
13855 13859
13859 13884
13884 13891
13891 13910
13910 13923
13923 13931
13931 13937
13937 13966
13966 13977
13977 13984
13984 13991
13991 14000
14000 14006
14006 14013
14013 14018
14018 14026
14026 14041
14041 14059
14059 14082
14082 14114
14114 14119
14119 14126
14126 14140
14140 14158
14158 14171
14171 14183
14183 14191
14191 14205
14205 14210
14210 14216
14216 14228
14228 14236
14236 14252
14252 14280
14280 14296
14296 14317
14317 14324
14324 14329
14329 14345
14345 14366
14366 14377
14377 14386
14386 14392
14392 14412
14412 14417
14417 14423
14423 14432
14432 14457
14457 14465
14465 14475
14475 14496
14496 14508
14508 14527
14527 14539
14539 14550
14550 14555
14555 14561
14561 14581
14581 14587
14587 14599
14599 14605
14605 14623
14623 14635
14635 14650
14650 14670
14670 14680
14680 14700
14700 14708
14708 14729
14729 14742
14742 14750
14750 14758
14758 14792
14792 14807
14807 14839
14839 14852
14852 14864
14864 14870
14870 14875
14875 14908
14908 14937
14937 14943
14943 14953
14953 14963
14963 14979
14979 14985
14985 14993
14993 14997
14997 15012
15012 15036
15036 15044
15044 15051
15051 15055
15055 15063
15063 15069
15069 15083
15083 15096
15096 15102
15102 15127
15127 15155
15155 15166
15166 15176
15176 15180
15180 15202
15202 15215
15215 15223
15223 15233
15233 15255
15255 15279
15279 15299
15299 15308
15308 15325
15325 15349
15349 15366
15366 15371
15371 15381
15381 15389
15389 15404
15404 15422
15422 15455
15455 15464
15464 15475
15475 15484
15484 15495
15495 15505
15505 15510
15510 15525
15525 15531
15531 15536
15536 15547
15547 15559
15559 15564
15564 15597
15597 15630
15630 15652
15652 15671
15671 15725
15725 15738
15738 15774
15774 15797
15797 15809
15809 15827
15827 15833
15833 15850
15850 15855
15855 15861
15861 15882
15882 15895
15895 15904
15904 15913
15913 15960
15960 15972
15972 15992
15992 15997
15997 16005
16005 16026
16026 16034
16034 16044
16044 16060
16060 16067
16067 16074
16074 16081
16081 16088
16088 16092
16092 16096
16096 16108
16108 16137
16137 16153
16153 16163
16163 16177
16177 16186
16186 16200
16200 16210
16210 16232
16232 16252
16252 16267
16267 16298
16298 16305
16305 16315
16315 16326
16326 16336
16336 16346
16346 16381
16381 16398
16398 16406
16406 16415
16415 16427
16427 16444
16444 16464
16464 16480
16480 16526
16526 16535
16535 16542
16542 16575
16575 16580
16580 16585
16585 16602
16602 16615
16615 16637
16637 16648
16648 16688
16688 16701
16701 16708
16708 16729
16729 16740
16740 16785
16785 16804
16804 16810
16810 16817
16817 16834
16834 16852
16852 16864
16864 16873
16873 16878
16878 16894
16894 16906
16906 16933
16933 16942
16942 16947
16947 16962
16962 16985
16985 17000
17000 17011
17011 17027
17027 17050
17050 17055
17055 17070
17070 17090
17090 17096
17096 17102
17102 17107
17107 17115
17115 17122
17122 17126
17126 17133
17133 17141
17141 17172
17172 17204
17204 17232
17232 17269
17269 17305
17305 17323
17323 17349
17349 17360
17360 17396
17396 17404
17404 17421
17421 17430
17430 17434
17434 17471
17471 17496
17496 17503
17503 17516
17516 17525
17525 17536
17536 17546
17546 17552
17552 17571
17571 17600
17600 17636
17636 17641
17641 17650
17650 17656
17656 17675
17675 17698
17698 17720
17720 17727
17727 17790
17790 17804
17804 17826
17826 17830
17830 17850
17850 17891
17891 17906
17906 17913
17913 17933
17933 17969
17969 17994
17994 18018
18018 18030
18030 18040
18040 18045
18045 18050
18050 18069
18069 18074
18074 18084
18084 18105
18105 18129
18129 18152
18152 18182
18182 18186
18186 18193
18193 18219
18219 18273
18273 18284
18284 18289
18289 18304
18304 18325
18325 18338
18338 18355
18355 18362
18362 18367
18367 18372
18372 18393
18393 18399
18399 18433
18433 18446
18446 18452
18452 18463
18463 18478
18478 18484
18484 18509
18509 18514
18514 18529
18529 18546
18546 18555
18555 18559
18559 18582
18582 18613
18613 18618
18618 18637
18637 18645
18645 18650
18650 18660
18660 18691
18691 18711
18711 18720
18720 18728
18728 18732
18732 18750
18750 18756
18756 18760
18760 18772
18772 18779
18779 18784
18784 18796
18796 18804
18804 18820
18820 18825
18825 18832
18832 18839
18839 18848
18848 18854
18854 18864
18864 18871
18871 18908
18908 18935
18935 18961
18961 18973
18973 18995
18995 19016
19016 19046
19046 19057
19057 19117
19117 19144
19144 19155
19155 19160
19160 19191
19191 19203
19203 19213
19213 19223
19223 19249
19249 19256
19256 19260
19260 19268
19268 19280
19280 19284
19284 19295
19295 19318
19318 19349
19349 19364
19364 19388
19388 19394
19394 19412
19412 19416
19416 19440
19440 19447
19447 19495
19495 19501
19501 19522
19522 19535
19535 19542
19542 19570
19570 19587
19587 19593
19593 19625
19625 19634
19634 19647
19647 19652
19652 19660
19660 19670
19670 19694
19694 19703
19703 19722
19722 19726
19726 19742
19742 19746
19746 19760
19760 19769
19769 19777
19777 19781
19781 19792
19792 19800
19800 19812
19812 19823
19823 19837
19837 19858
19858 19868
19868 19901
19901 19923
19923 19930
19930 19946
19946 19970
19970 19985
19985 19993
19993 19998
19998 20004
20004 20013
20013 20042
20042 20061
20061 20073
20073 20079
20079 20085
20085 20090
20090 20096
20096 20105
20105 20125
20125 20142
20142 20146
20146 20170
20170 20180
20180 20200
20200 20215
20215 20228
20228 20253
20253 20283
20283 20301
20301 20311
20311 20334
20334 20342
20342 20356
20356 20362
20362 20366
20366 20386
20386 20401
20401 20408
20408 20418
20418 20428
20428 20455
20455 20461
20461 20475
20475 20489
20489 20507
20507 20516
20516 20529
20529 20535
20535 20542
20542 20546
20546 20557
20557 20563
20563 20569
20569 20577
20577 20583
20583 20648
20648 20676
20676 20709
20709 20727
20727 20745
20745 20777
20777 20783
20783 20793
20793 20802
20802 20825
20825 20853
20853 20859
20859 20863
20863 20880
20880 20884
20884 20889
20889 20895
20895 20919
20919 20927
20927 20931
20931 20942
20942 20948
20948 20954
20954 20961
20961 20980
20980 20986
20986 20994
20994 20998
20998 21003
21003 21019
21019 21025
21025 21031
21031 21053
21053 21069
21069 21090
21090 21105
21105 21125
21125 21138
21138 21162
21162 21168
21168 21175
21175 21180
21180 21187
21187 21195
21195 21203
21203 21231
21231 21235
21235 21256
21256 21263
21263 21275
21275 21283
21283 21291
21291 21313
21313 21322
21322 21350
21350 21381
21381 21406
21406 21412
21412 21467
21467 21477
21477 21488
21488 21523
21523 21532
21532 21538
21538 21548
21548 21588
21588 21595
21595 21614
21614 21623
21623 21638
21638 21666
21666 21675
21675 21679
21679 21692
21692 21697
21697 21738
21738 21745
21745 21758
21758 21779
21779 21785
21785 21799
21799 21813
21813 21819
21819 21828
21828 21837
21837 21847
21847 21854
21854 21858
21858 21877
21877 21882
21882 21892
21892 21905
21905 21930
21930 21941
21941 21945
21945 21963
21963 21977
21977 21983
21983 21989
21989 21997
21997 22019
22019 22030
22030 22039
22039 22058
22058 22065
22065 22080
22080 22085
22085 22096
22096 22111
22111 22144
22144 22151
22151 22158
22158 22178
22178 22188
22188 22199
22199 22214
22214 22224
22224 22241
22241 22253
22253 22264
22264 22269
22269 22289
22289 22300
22300 22312
22312 22328
22328 22343
22343 22350
22350 22361
22361 22409
22409 22434
22434 22448
22448 22457
22457 22483
22483 22491
22491 22506
22506 22518
22518 22524
22524 22532
22532 22543
22543 22576
22576 22587
22587 22597
22597 22601
22601 22622
22622 22632
22632 22641
22641 22667
22667 22677
22677 22682
22682 22702
22702 22710
22710 22720
22720 22725
22725 22746
22746 22767
22767 22798
22798 22803
22803 22811
22811 22828
22828 22844
22844 22849
22849 22855
22855 22873
22873 22885
22885 22908
22908 22919
22919 22938
22938 22950
22950 22963
22963 23008
23008 23015
23015 23036
23036 23043
23043 23051
23051 23081
23081 23096
23096 23112
23112 23123
23123 23127
23127 23141
23141 23156
23156 23163
23163 23185
23185 23199
23199 23207
23207 23236
23236 23262
23262 23269
23269 23282
23282 23289
23289 23297
23297 23313
23313 23321
23321 23332
23332 23343
23343 23354
23354 23368
23368 23378
23378 23382
23382 23396
23396 23403
23403 23407
23407 23423
23423 23435
23435 23444
23444 23459
23459 23466
23466 23497
23497 23502
23502 23522
23522 23529
23529 23548
23548 23556
23556 23565
23565 23580
23580 23592
23592 23601
23601 23612
23612 23616
23616 23622
23622 23644
23644 23653
23653 23669
23669 23676
23676 23686
23686 23691
23691 23698
23698 23702
23702 23721
23721 23726
23726 23734
23734 23739
23739 23744
23744 23765
23765 23778
23778 23790
23790 23800
23800 23814
23814 23826
23826 23844
23844 23861
23861 23867
23867 23876
23876 23891
23891 23901
23901 23906
23906 23912
23912 23918
23918 23950
23950 23959
23959 23970
23970 23982
23982 23987
23987 24007
24007 24036
24036 24043
24043 24050
24050 24075
24075 24080
24080 24087
24087 24098
24098 24110
24110 24117
24117 24122
24122 24129
24129 24138
24138 24142
24142 24152
24152 24161
24161 24184
24184 24206
24206 24224
24224 24241
24241 24261
24261 24286
24286 24305
24305 24312
24312 24334
24334 24342
24342 24359
24359 24364
24364 24380
24380 24385
24385 24395
24395 24407
24407 24440
24440 24451
24451 24457
24457 24489
24489 24498
24498 24505
24505 24511
24511 24533
24533 24547
24547 24556
24556 24572
24572 24578
24578 24587
24587 24594
24594 24608
24608 24613
24613 24620
24620 24628
24628 24633
24633 24653
24653 24696
24696 24706
24706 24712
24712 24724
24724 24729
24729 24738
24738 24765
24765 24780
24780 24805
24805 24813
24813 24820
24820 24827
24827 24853
24853 24882
24882 24887
24887 24894
24894 24899
24899 24904
24904 24909
24909 24923
24923 24928
24928 24934
24934 24943
24943 24954
24954 24973
24973 24980
24980 24986
24986 24991
24991 24999
24999 25005
25005 25014
25014 25020
25020 25026
25026 25038
25038 25064
25064 25073
25073 25096
25096 25111
25111 25117
25117 25134
25134 25163
25163 25171
25171 25179
25179 25185
25185 25199
25199 25210
25210 25220
25220 25227
25227 25231
25231 25247
25247 25277
25277 25282
25282 25291
25291 25296
25296 25304
25304 25309
25309 25335
25335 25343
25343 25354
25354 25363
25363 25371
25371 25396
25396 25407
25407 25422
25422 25432
25432 25446
25446 25456
25456 25469
25469 25479
25479 25496
25496 25501
25501 25514
25514 25521
25521 25528
25528 25534
25534 25542
25542 25587
25587 25599
25599 25605
25605 25641
25641 25656
25656 25668
25668 25675
25675 25689
25689 25694
25694 25700
25700 25706
25706 25729
25729 25734
25734 25751
25751 25769
25769 25778
25778 25783
25783 25790
25790 25798
25798 25813
25813 25823
25823 25853
25853 25877
25877 25888
25888 25894
25894 25920
25920 25927
25927 25937
25937 25950
25950 25962
25962 25969
25969 25985
25985 25989
25989 26000
26000 26009
26009 26020
26020 26039
26039 26048
26048 26056
26056 26062
26062 26080
26080 26086
26086 26093
26093 26098
26098 26125
26125 26154
26154 26172
26172 26189
26189 26205
26205 26223
26223 26235
26235 26247
26247 26257
26257 26266
26266 26274
26274 26286
26286 26293
26293 26317
26317 26323
26323 26328
26328 26344
26344 26351
26351 26358
26358 26370
26370 26378
26378 26388
26388 26403
26403 26413
26413 26417
26417 26432
26432 26437
26437 26442
26442 26453
26453 26461
26461 26474
26474 26483
26483 26498
26498 26504
26504 26510
26510 26534
26534 26539
26539 26543
26543 26551
26551 26558
26558 26567
26567 26578
26578 26585
26585 26605
26605 26611
26611 26617
26617 26627
26627 26634
26634 26654
26654 26664
26664 26671
26671 26688
26688 26704
26704 26716
26716 26725
26725 26732
26732 26740
26740 26752
26752 26759
26759 26769
26769 26778
26778 26786
26786 26804
26804 26818
26818 26822
26822 26828
26828 26832
26832 26849
26849 26867
26867 26880
26880 26885
26885 26891
26891 26897
26897 26921
26921 26927
26927 26964
26964 26968
26968 26978
26978 26983
26983 26989
26989 27000
27000 27011
27011 27022
27022 27035
27035 27045
27045 27075
27075 27080
27080 27086
27086 27098
27098 27109
27109 27118
27118 27126
27126 27131
27131 27136
27136 27145
27145 27152
27152 27162
27162 27166
27166 27183
27183 27196
27196 27209
27209 27216
27216 27244
27244 27251
27251 27260
27260 27267
27267 27278
27278 27292
27292 27298
27298 27304
27304 27315
27315 27321
27321 27335
27335 27341
27341 27345
27345 27354
27354 27365
27365 27382
27382 27389
27389 27397
27397 27428
27428 27434
27434 27456
27456 27479
27479 27491
27491 27508
27508 27512
27512 27516
27516 27532
27532 27539
27539 27548
27548 27560
27560 27567
27567 27574
27574 27588
27588 27597
27597 27605
27605 27627
27627 27644
27644 27649
27649 27666
27666 27670
27670 27686
27686 27707
27707 27719
27719 27742
27742 27750
27750 27761
27761 27776
27776 27786
27786 27797
27797 27806
27806 27812
27812 27821
27821 27829
27829 27834
27834 27840
27840 27864
27864 27881
27881 27885
27885 27896
27896 27908
27908 27943
27943 27959
27959 27965
27965 27972
27972 27977
27977 27985
27985 28018
28018 28026
28026 28035
28035 28068
28068 28078
28078 28100
28100 28125
28125 28138
28138 28142
28142 28149
28149 28157
28157 28169
28169 28177
28177 28189
28189 28196
28196 28210
28210 28216
28216 28222
28222 28230
28230 28250
28250 28259
28259 28280
28280 28287
28287 28309
28309 28313
28313 28329
28329 28333
28333 28339
28339 28343
28343 28348
28348 28356
28356 28390
28390 28408
28408 28419
28419 28432
28432 28449
28449 28455
28455 28467
28467 28487
28487 28496
28496 28510
28510 28515
28515 28522
28522 28530
28530 28547
28547 28553
28553 28565
28565 28585
28585 28592
28592 28607
28607 28612
28612 28634
28634 28640
28640 28650
28650 28658
28658 28668
28668 28673
28673 28680
28680 28688
28688 28719
28719 28725
28725 28733
28733 28745
28745 28756
28756 28769
28769 28788
28788 28792
28792 28796
28796 28803
28803 28816
28816 28825
28825 28830
28830 28839
28839 28848
28848 28858
28858 28876
28876 28887
28887 28893
28893 28906
28906 28915
28915 28932
28932 28944
28944 28958
28958 28963
28963 28975
28975 28987
28987 28995
28995 29013
29013 29031
29031 29044
29044 29065
29065 29072
29072 29089
29089 29107
29107 29111
29111 29125
29125 29164
29164 29168
29168 29182
29182 29191
29191 29210
29210 29219
29219 29227
29227 29236
29236 29247
29247 29258
29258 29263
29263 29270
29270 29283
29283 29296
29296 29301
29301 29308
29308 29313
29313 29323
29323 29337
29337 29344
29344 29352
29352 29357
29357 29376
29376 29385
29385 29404
29404 29416
29416 29428
29428 29441
29441 29448
29448 29460
29460 29469
29469 29473
29473 29505
29505 29520
29520 29536
29536 29541
29541 29546
29546 29564
29564 29572
29572 29584
29584 29594
29594 29598
29598 29603
29603 29609
29609 29639
29639 29657
29657 29672
29672 29683
29683 29697
29697 29705
29705 29750
29750 29790
29790 29816
29816 29823
29823 29827
29827 29835
29835 29862
29862 29885
29885 29892
29892 29901
29901 29914
29914 29919
29919 29930
29930 29948
29948 29994
29994 30000
30000 30011
30011 30021
30021 30025
30025 30054
30054 30073
30073 30078
30078 30096
30096 30133
30133 30140
30140 30157
30157 30161
30161 30169
30169 30177
30177 30184
30184 30194
30194 30215
30215 30222
30222 30227
30227 30247
30247 30281
30281 30298
30298 30303
30303 30311
30311 30323
30323 30327
30327 30336
30336 30347
30347 30360
30360 30365
30365 30369
30369 30376
30376 30383
30383 30388
30388 30398
30398 30405
30405 30419
30419 30427
30427 30451
30451 30460
30460 30470
30470 30482
30482 30487
30487 30492
30492 30505
30505 30510
30510 30525
30525 30537
30537 30550
30550 30561
30561 30572
30572 30584
30584 30609
30609 30621
30621 30637
30637 30641
30641 30662
30662 30667
30667 30673
30673 30684
30684 30697
30697 30711
30711 30716
30716 30727
30727 30733
30733 30745
30745 30761
30761 30767
30767 30779
30779 30787
30787 30803
30803 30812
30812 30829
30829 30839
30839 30870
30870 30889
30889 30899
30899 30911
30911 30918
30918 30922
30922 30932
30932 30949
30949 30977
30977 30992
30992 31008
31008 31044
31044 31048
31048 31052
31052 31059
31059 31080
31080 31085
31085 31092
31092 31097
31097 31108
31108 31114
31114 31129
31129 31135
31135 31140
31140 31150
31150 31161
31161 31165
31165 31170
31170 31194
31194 31200
31200 31222
31222 31227
31227 31237
31237 31242
31242 31255
31255 31259
31259 31271
31271 31280
31280 31299
31299 31318
31318 31323
31323 31355
31355 31382
31382 31388
31388 31408
31408 31415
31415 31419
31419 31425
31425 31440
31440 31449
31449 31460
31460 31468
31468 31477
31477 31481
31481 31497
31497 31506
31506 31514
31514 31520
31520 31526
31526 31532
31532 31619
31619 31641
31641 31656
31656 31670
31670 31682
31682 31696
31696 31708
31708 31716
31716 31726
31726 31750
31750 31758
31758 31763
31763 31771
31771 31778
31778 31784
31784 31802
31802 31812
31812 31830
31830 31840
31840 31858
31858 31864
31864 31868
31868 31875
31875 31898
31898 31910
31910 31920
31920 31935
31935 31946
31946 32000
32000 32005
32005 32019
32019 32030
32030 32044
32044 32048
32048 32060
32060 32068
32068 32073
32073 32080
32080 32092
32092 32101
32101 32143
32143 32153
32153 32158
32158 32164
32164 32177
32177 32213
32213 32218
32218 32261
32261 32272
32272 32289
32289 32296
32296 32302
32302 32311
32311 32322
32322 32328
32328 32336
32336 32341
32341 32349
32349 32359
32359 32365
32365 32386
32386 32395
32395 32400
32400 32437
32437 32446
32446 32459
32459 32470
32470 32476
32476 32484
32484 32506
32506 32522
32522 32526
32526 32544
32544 32550
32550 32563
32563 32572
32572 32587
32587 32608
32608 32627
32627 32660
32660 32669
32669 32677
32677 32690
32690 32699
32699 32711
32711 32722
32722 32730
32730 32738
32738 32753
32753 32783
32783 32825
32825 32841
32841 32862
32862 32879
32879 32884
32884 32898
32898 32903
32903 32916
32916 32921
32921 32938
32938 32945
32945 32969
32969 32973
32973 32984
32984 32997
32997 33002
33002 33014
33014 33019
33019 33034
33034 33043
33043 33063
33063 33070
33070 33083
33083 33110
33110 33118
33118 33142
33142 33153
33153 33164
33164 33168
33168 33188
33188 33195
33195 33214
33214 33226
33226 33239
33239 33249
33249 33256
33256 33262
33262 33275
33275 33288
33288 33299
33299 33309
33309 33313
33313 33323
33323 33340
33340 33354
33354 33363
33363 33370
33370 33377
33377 33390
33390 33398
33398 33407
33407 33413
33413 33423
33423 33427
33427 33432
33432 33452
33452 33468
33468 33493
33493 33513
33513 33533
33533 33546
33546 33557
33557 33568
33568 33579
33579 33588
33588 33598
33598 33613
33613 33630
33630 33638
33638 33645
33645 33650
33650 33671
33671 33691
33691 33699
33699 33733
33733 33741
33741 33752
33752 33760
33760 33779
33779 33790
33790 33813
33813 33821
33821 33834
33834 33844
33844 33850
33850 33856
33856 33868
33868 33879
33879 33898
33898 33903
33903 33912
33912 33923
33923 33944
33944 33952
33952 33970
33970 33976
33976 33994
33994 34011
34011 34020
34020 34051
34051 34056
34056 34086
34086 34110
34110 34123
34123 34138
34138 34149
34149 34157
34157 34180
34180 34186
34186 34200
34200 34207
34207 34215
34215 34241
34241 34247
34247 34257
34257 34284
34284 34298
34298 34312
34312 34320
34320 34329
34329 34337
34337 34368
34368 34407
34407 34420
34420 34427
34427 34436
34436 34471
34471 34493
34493 34519
34519 34534
34534 34553
34553 34566
34566 34571
34571 34584
34584 34603
34603 34624
34624 34641
34641 34654
34654 34661
34661 34666
34666 34677
34677 34687
34687 34706
34706 34726
34726 34739
34739 34744
34744 34750
34750 34759
34759 34773
34773 34777
34777 34787
34787 34796
34796 34802
34802 34814
34814 34840
34840 34859
34859 34870
34870 34875
34875 34889
34889 34900
34900 34909
34909 34928
34928 34947
34947 34963
34963 34978
34978 34983
34983 34991
34991 35004
35004 35009
35009 35019
35019 35030
35030 35038
35038 35070
35070 35104
35104 35122
35122 35132
35132 35160
35160 35174
35174 35184
35184 35190
35190 35199
35199 35208
35208 35253
35253 35258
35258 35264
35264 35311
35311 35318
35318 35328
35328 35342
35342 35360
35360 35368
35368 35375
35375 35383
35383 35390
35390 35404
35404 35416
35416 35433
35433 35443
35443 35456
35456 35467
35467 35486
35486 35491
35491 35506
35506 35513
35513 35523
35523 35527
35527 35559
35559 35579
35579 35589
35589 35604
35604 35609
35609 35620
35620 35643
35643 35653
35653 35666
35666 35692
35692 35698
35698 35718
35718 35727
35727 35732
35732 35742
35742 35765
35765 35773
35773 35783
35783 35804
35804 35809
35809 35829
35829 35852
35852 35862
35862 35878
35878 35927
35927 35936
35936 35945
35945 35951
35951 35974
35974 36014
36014 36021
36021 36032
36032 36041
36041 36046
36046 36058
36058 36080
36080 36095
36095 36107
36107 36116
36116 36124
36124 36173
36173 36194
36194 36212
36212 36226
36226 36232
36232 36244
36244 36259
36259 36272
36272 36283
36283 36297
36297 36308
36308 36318
36318 36325
36325 36332
36332 36356
36356 36365
36365 36376
36376 36381
36381 36396
36396 36415
36415 36432
36432 36466
36466 36483
36483 36505
36505 36514
36514 36524
36524 36556
36556 36564
36564 36572
36572 36582
36582 36594
36594 36602
36602 36625
36625 36637
36637 36642
36642 36658
36658 36662
36662 36674
36674 36682
36682 36688
36688 36693
36693 36706
36706 36711
36711 36716
36716 36726
36726 36754
36754 36785
36785 36791
36791 36801
36801 36818
36818 36839
36839 36852
36852 36874
36874 36888
36888 36898
36898 36910
36910 36919
36919 36927
36927 36952
36952 36969
36969 36990
36990 36997
36997 37010
37010 37029
37029 37057
37057 37066
37066 37081
37081 37112
37112 37120
37120 37141
37141 37155
37155 37165
37165 37195
37195 37241
37241 37252
37252 37264
37264 37273
37273 37297
37297 37310
37310 37315
37315 37326
37326 37333
37333 37348
37348 37356
37356 37364
37364 37370
37370 37381
37381 37413
37413 37418
37418 37428
37428 37434
37434 37440
37440 37465
37465 37489
37489 37508
37508 37513
37513 37542
37542 37561
37561 37573
37573 37578
37578 37583
37583 37619
37619 37661
37661 37676
37676 37689
37689 37693
37693 37699
37699 37715
37715 37741
37741 37748
37748 37755
37755 37775
37775 37780
37780 37790
37790 37796
37796 37810
37810 37818
37818 37824
37824 37835
37835 37845
37845 37850
37850 37856
37856 37864
37864 37886
37886 37910
37910 37917
37917 37922
37922 37929
37929 37942
37942 37972
37972 38007
38007 38036
38036 38052
38052 38057
38057 38069
38069 38084
38084 38089
38089 38104
38104 38118
38118 38146
38146 38158
38158 38187
38187 38195
38195 38210
38210 38223
38223 38228
38228 38247
38247 38259
38259 38275
38275 38303
38303 38311
38311 38316
38316 38322
38322 38344
38344 38359
38359 38375
38375 38381
38381 38398
38398 38408
38408 38418
38418 38436
38436 38441
38441 38461
38461 38481
38481 38500
38500 38505
38505 38513
38513 38518
38518 38530
38530 38540
38540 38567
38567 38610
38610 38636
38636 38673
38673 38688
38688 38695
38695 38711
38711 38716
38716 38740
38740 38747
38747 38755
38755 38791
38791 38801
38801 38812
38812 38830
38830 38898
38898 38904
38904 38924
38924 38934
38934 38974
38974 38997
38997 39007
39007 39022
39022 39035
39035 39047
39047 39056
39056 39075
39075 39095
39095 39103
39103 39114
39114 39144
39144 39149
39149 39162
39162 39175
39175 39187
39187 39200
39200 39205
39205 39260
39260 39276
39276 39293
39293 39305
39305 39325
39325 39345
39345 39354
39354 39361
39361 39403
39403 39414
39414 39467
39467 39482
39482 39496
39496 39507
39507 39524
39524 39530
39530 39539
39539 39545
39545 39549
39549 39553
39553 39566
39566 39604
39604 39611
39611 39618
39618 39634
39634 39641
39641 39671
39671 39675
39675 39680
39680 39687
39687 39692
39692 39701
39701 39706
39706 39726
39726 39757
39757 39787
39787 39835
39835 39870
39870 39877
39877 39891
39891 39895
39895 39903
39903 39936
39936 39955
39955 39962
39962 39974
39974 39981
39981 39987
39987 39995
39995 40030
40030 40052
40052 40073
40073 40090
40090 40098
40098 40133
40133 40142
40142 40149
40149 40170
40170 40198
40198 40203
40203 40227
40227 40238
40238 40243
40243 40257
40257 40268
40268 40280
40280 40294
40294 40304
40304 40314
40314 40321
40321 40326
40326 40331
40331 40388
40388 40409
40409 40432
40432 40453
40453 40493
40493 40502
40502 40523
40523 40534
40534 40547
40547 40559
40559 40570
40570 40585
40585 40596
40596 40618
40618 40628
40628 40637
40637 40641
40641 40653
40653 40660
40660 40669
40669 40675
40675 40696
40696 40701
40701 40719
40719 40726
40726 40733
40733 40741
40741 40746
40746 40760
40760 40765
40765 40771
40771 40789
40789 40799
40799 40813
40813 40831
40831 40837
40837 40850
40850 40912
40912 40930
40930 40957
40957 40969
40969 40981
40981 40998
40998 41014
41014 41039
41039 41045
41045 41067
41067 41082
41082 41134
41134 41154
41154 41165
41165 41175
41175 41181
41181 41202
41202 41234
41234 41247
41247 41279
41279 41290
41290 41314
41314 41325
41325 41329
41329 41338
41338 41356
41356 41364
41364 41370
41370 41381
41381 41395
41395 41401
41401 41407
41407 41414
41414 41426
41426 41431
41431 41436
41436 41444
41444 41468
41468 41479
41479 41483
41483 41493
41493 41521
41521 41530
41530 41547
41547 41562
41562 41580
41580 41591
41591 41611
41611 41622
41622 41634
41634 41641
41641 41652
41652 41659
41659 41675
41675 41697
41697 41723
41723 41733
41733 41760
41760 41779
41779 41785
41785 41799
41799 41814
41814 41826
41826 41839
41839 41846
41846 41856
41856 41882
41882 41889
41889 41899
41899 41916
41916 41925
41925 41934
41934 41952
41952 41958
41958 41967
41967 41983
41983 41994
41994 42005
42005 42012
42012 42017
42017 42022
42022 42026
42026 42031
42031 42038
42038 42045
42045 42106
42106 42134
42134 42184
42184 42200
42200 42216
42216 42224
42224 42240
42240 42255
42255 42265
42265 42280
42280 42308
42308 42326
42326 42347
42347 42363
42363 42368
42368 42384
42384 42389
42389 42396
42396 42416
42416 42421
42421 42427
42427 42440
42440 42472
42472 42484
42484 42510
42510 42538
42538 42545
42545 42550
42550 42563
42563 42578
42578 42591
42591 42600
42600 42621
42621 42647
42647 42672
42672 42678
42678 42692
42692 42703
42703 42708
42708 42735
42735 42742
42742 42754
42754 42769
42769 42773
42773 42792
42792 42806
42806 42818
42818 42830
42830 42849
42849 42867
42867 42895
42895 42922
42922 42930
42930 42944
42944 42950
42950 42960
42960 42970
42970 42980
42980 42995
42995 43006
43006 43024
43024 43039
43039 43048
43048 43064
43064 43096
43096 43100
43100 43106
43106 43118
43118 43136
43136 43141
43141 43148
43148 43156
43156 43169
43169 43178
43178 43188
43188 43201
43201 43208
43208 43214
43214 43220
43220 43232
43232 43238
43238 43254
43254 43264
43264 43277
43277 43285
43285 43299
43299 43310
43310 43326
43326 43348
43348 43353
43353 43357
43357 43361
43361 43369
43369 43374
43374 43384
43384 43392
43392 43411
43411 43424
43424 43429
43429 43446
43446 43508
43508 43515
43515 43526
43526 43553
43553 43561
43561 43587
43587 43592
43592 43611
43611 43617
43617 43624
43624 43643
43643 43660
43660 43671
43671 43676
43676 43693
43693 43707
43707 43717
43717 43722
43722 43727
43727 43731
43731 43738
43738 43751
43751 43777
43777 43793
43793 43799
43799 43813
43813 43825
43825 43848
43848 43853
43853 43859
43859 43864
43864 43891
43891 43901
43901 43920
43920 43926
43926 43931
43931 43940
43940 43956
43956 43967
43967 43971
43971 43975
43975 43991
43991 43995
43995 44010
44010 44027
44027 44032
44032 44038
44038 44051
44051 44056
44056 44064
44064 44072
44072 44077
44077 44087
44087 44106
44106 44115
44115 44134
44134 44149
44149 44169
44169 44173
44173 44180
44180 44188
44188 44201
44201 44207
44207 44216
44216 44223
44223 44239
44239 44248
44248 44253
44253 44264
44264 44269
44269 44275
44275 44282
44282 44289
44289 44317
44317 44330
44330 44338
44338 44351
44351 44358
44358 44365
44365 44371
44371 44378
44378 44384
44384 44394
44394 44426
44426 44431
44431 44439
44439 44446
44446 44452
44452 44486
44486 44500
44500 44505
44505 44515
44515 44527
44527 44534
44534 44538
44538 44545
44545 44550
44550 44565
44565 44576
44576 44585
44585 44607
44607 44612
44612 44624
44624 44629
44629 44643
44643 44658
44658 44671
44671 44690
44690 44701
44701 44711
44711 44737
44737 44759
44759 44763
44763 44771
44771 44780
44780 44801
44801 44813
44813 44817
44817 44824
44824 44833
44833 44861
44861 44867
44867 44891
44891 44896
44896 44901
44901 44905
44905 44918
44918 44938
44938 44947
44947 44973
44973 44995
44995 45002
45002 45013
45013 45019
45019 45025
45025 45033
45033 45056
45056 45069
45069 45100
45100 45115
45115 45131
45131 45137
45137 45148
45148 45153
45153 45168
45168 45187
45187 45220
45220 45235
45235 45240
45240 45256
45256 45266
45266 45278
45278 45286
45286 45290
45290 45300
45300 45310
45310 45330
45330 45334
45334 45349
45349 45373
45373 45402
45402 45412
45412 45425
45425 45439
45439 45448
45448 45462
45462 45474
45474 45478
45478 45492
45492 45497
45497 45508
45508 45523
45523 45537
45537 45543
45543 45550
45550 45581
45581 45612
45612 45619
45619 45630
45630 45634
45634 45639
45639 45665
45665 45674
45674 45683
45683 45689
45689 45695
45695 45702
45702 45708
45708 45718
45718 45731
45731 45750
45750 45767
45767 45779
45779 45785
45785 45795
45795 45806
45806 45822
45822 45853
45853 45863
45863 45867
45867 45876
45876 45880
45880 45888
45888 45895
45895 45903
45903 45915
45915 45926
45926 45941
45941 45955
45955 45960
45960 45965
45965 45976
45976 45982
45982 45986
45986 45992
45992 45998
45998 46008
46008 46014
46014 46019
46019 46023
46023 46029
46029 46036
46036 46042
